#number_of_nodes
165
#number_of_coordinate_dimensions
3
#nodes
  1.1187894079363678e-015   0.0000000000000000e+000  -3.1360155423865812e+001 
  1.9144730937708896e-015   0.0000000000000000e+000  -3.3828778956191421e+001 
  2.7869913070294040e-015   0.0000000000000000e+000  -3.7655070168928290e+001 
  6.4598509351617581e+000   0.0000000000000000e+000  -2.2174978559279602e+001 
  1.1054100724773132e+001   0.0000000000000000e+000  -2.3920558999183729e+001 
  1.6091990390049844e+001   0.0000000000000000e+000  -2.6626155462504467e+001 
  3.9555178853574416e-016   6.4598509351617581e+000  -2.2174978559279602e+001 
  6.7686845350229272e-016   1.1054100724773132e+001  -2.3920558999183729e+001 
  9.8535022615422547e-016   1.6091990390049844e+001  -2.6626155462504467e+001 
 -6.4598509351617581e+000   7.9110357707148831e-016  -2.2174978559279602e+001 
 -1.1054100724773132e+001   1.3537369070045854e-015  -2.3920558999183729e+001 
 -1.6091990390049844e+001   1.9707004523084509e-015  -2.6626155462504467e+001 
 -1.1866553656072325e-015  -6.4598509351617581e+000  -2.2174978559279602e+001 
 -2.0306053605068780e-015  -1.1054100724773132e+001  -2.3920558999183729e+001 
 -2.9560506784626760e-015  -1.6091990390049844e+001  -2.6626155462504467e+001 
  9.1356088034142786e+000   0.0000000000000000e+000   1.9202556980300386e-015 
  1.5632859164812421e+001   0.0000000000000000e+000   2.0714152933881581e-015 
  2.2757511055186001e+001   0.0000000000000000e+000   2.3057080577023508e-015 
  5.5939470396818388e-016   9.1356088034142786e+000   1.9202556980300386e-015 
  9.5723654688544480e-016   1.5632859164812421e+001   2.0714152933881581e-015 
  1.3934956535147020e-015   2.2757511055186001e+001   2.3057080577023508e-015 
 -9.1356088034142786e+000   1.1187894079363678e-015   1.9202556980300386e-015 
 -1.5632859164812421e+001   1.9144730937708896e-015   2.0714152933881581e-015 
 -2.2757511055186001e+001   2.7869913070294040e-015   2.3057080577023508e-015 
 -1.6781841119045517e-015  -9.1356088034142786e+000   1.9202556980300386e-015 
 -2.8717096406563342e-015  -1.5632859164812421e+001   2.0714152933881581e-015 
 -4.1804869605441057e-015  -2.2757511055186001e+001   2.3057080577023508e-015 
  4.4418165614806648e+000   0.0000000000000000e+000  -3.1223064365862477e+001 
  3.0930569231241534e+000   3.0930569231241525e+000  -3.1223064365862474e+001 
  1.2292193686062946e-015   4.4418165614806639e+000  -3.1223064365862477e+001 
  7.6975179641983713e+000   7.6975179641983713e+000  -2.3920558999183729e+001 
  2.3507322004001468e-015   0.0000000000000000e+000  -3.5563808265300523e+001 
  5.4201721913516261e+000   1.3281065582417123e-002  -3.2836815171255417e+001 
  3.7723180159411300e+000   3.7922396143147554e+000  -3.2836815171255424e+001 
 -1.3281065582415610e-002   5.4201721913516252e+000  -3.2836815171255417e+001 
  1.3505405645828469e+001   0.0000000000000000e+000  -2.5147409989212182e+001 
  9.4111235532482453e+000   9.4244046188306640e+000  -2.5147409989212186e+001 
  8.2696758976752136e-016   1.3505405645828469e+001  -2.5147409989212182e+001 
  6.4661677328056069e+000   0.0000000000000000e+000  -3.4754629515539627e+001 
  4.5027129317941457e+000   4.5027129317941439e+000  -3.4754629515539619e+001 
  1.7894342343512159e-015   6.4661677328056051e+000  -3.4754629515539627e+001 
  1.1205650119463556e+001   1.1205650119463556e+001  -2.6626155462504467e+001 
  2.5957310850437127e+000   0.0000000000000000e+000  -2.8944590420802207e+001 
  1.8075361492386062e+000   1.8075361492386053e+000  -2.8944590420802207e+001 
  7.1833739220548729e-016   2.5957310850437123e+000  -2.8944590420802207e+001 
  4.4983142326552121e+000   4.4983142326552121e+000  -2.2174978559279602e+001 
  1.5166312508536287e-015   0.0000000000000000e+000  -3.2432035930993663e+001 
  3.4969540677633870e+000   8.5685979472700791e-003  -2.9945183641444721e+001 
  2.4338014301078612e+000   2.4466543270287646e+000  -2.9945183641444729e+001 
 -8.5685979472691076e-003   3.4969540677633861e+000  -2.9945183641444721e+001 
  8.7133363189698407e+000   0.0000000000000000e+000  -2.2932912534491383e+001 
  6.0718120439543553e+000   6.0803806419016242e+000  -2.2932912534491376e+001 
  5.3353797164603989e-016   8.7133363189698407e+000  -2.2932912534491383e+001 
  1.4428713745698678e+001   0.0000000000000000e+000  -1.2933016719188336e+001 
  1.0047428191864155e+001   1.0047428191864155e+001  -1.2933016719188339e+001 
  8.8350390522416523e-016   1.4428713745698678e+001  -1.2933016719188336e+001 
  1.0885934301579873e+001   1.0885934301579871e+001   2.0714152933881581e-015 
  1.7634997369317240e+001   5.5011974870037006e-003  -1.3601454189072603e+001 
  1.2288779254626030e+001   1.2300920984904240e+001  -1.3601454189072602e+001 
 -5.5011974870026181e-003   1.7634997369317240e+001  -1.3601454189072603e+001 
  1.9099527829680792e+001   0.0000000000000000e+000   2.1776551978795230e-015 
  1.3318729697707253e+001   1.3318729697707253e+001   2.1788126858268697e-015 
  1.1695087810922185e-015   1.9099527829680792e+001   2.1776551978795230e-015 
  2.1004578184837239e+001   0.0000000000000000e+000  -1.4395838900588780e+001 
  1.4626528374745940e+001   1.4626528374745940e+001  -1.4395838900588782e+001 
  1.2861594720750622e-015   2.1004578184837239e+001  -1.4395838900588780e+001 
  1.5847182374153054e+001   1.5847182374153054e+001   2.3057080577023508e-015 
  8.4319242518251851e+000   0.0000000000000000e+000  -1.1989241909630641e+001 
  5.8715665812350686e+000   5.8715665812350686e+000  -1.1989241909630643e+001 
  5.1630645228253269e-016   8.4319242518251851e+000  -1.1989241909630641e+001 
  6.3615769956369235e+000   6.3615769956369235e+000   1.9202556980300386e-015 
  1.1377641449109062e+001   3.5492294802815239e-003  -1.2403701192039348e+001 
  7.9284006273598839e+000   7.9362341558138016e+000  -1.2403701192039346e+001 
 -3.5492294802808300e-003   1.1377641449109062e+001  -1.2403701192039348e+001 
  1.2322518395805211e+001   0.0000000000000000e+000   1.9858894496361664e-015 
  8.5928978544543284e+000   8.5928978544543284e+000   1.9845236565174673e-015 
  7.5453663554286138e-016   1.2322518395805211e+001   1.9858894496361664e-015 
 -3.0930569231241511e+000   3.0930569231241529e+000  -3.1223064365862474e+001 
 -4.4418165614806631e+000   5.4396564344169978e-016  -3.1223064365862477e+001 
 -7.6975179641983713e+000   7.6975179641983722e+000  -2.3920558999183729e+001 
 -3.7922396143147536e+000   3.7723180159411300e+000  -3.2836815171255424e+001 
 -5.4201721913516243e+000  -1.3281065582416457e-002  -3.2836815171255417e+001 
 -9.4244046188306623e+000   9.4111235532482471e+000  -2.5147409989212186e+001 
 -1.3505405645828469e+001   1.6539351795350427e-015  -2.5147409989212182e+001 
 -4.5027129317941421e+000   4.5027129317941448e+000  -3.4754629515539619e+001 
 -6.4661677328056033e+000   7.9187716167302822e-016  -3.4754629515539627e+001 
 -1.1205650119463556e+001   1.1205650119463558e+001  -2.6626155462504467e+001 
 -1.8075361492386048e+000   1.8075361492386057e+000  -2.8944590420802207e+001 
 -2.5957310850437119e+000   3.1788537647460681e-016  -2.8944590420802207e+001 
 -4.4983142326552121e+000   4.4983142326552130e+000  -2.2174978559279602e+001 
 -2.4466543270287637e+000   2.4338014301078603e+000  -2.9945183641444729e+001 
 -3.4969540677633861e+000  -8.5685979472696489e-003  -2.9945183641444721e+001 
 -6.0803806419016242e+000   6.0718120439543553e+000  -2.2932912534491376e+001 
 -8.7133363189698407e+000   1.0670759432920798e-015  -2.2932912534491383e+001 
 -1.0047428191864155e+001   1.0047428191864157e+001  -1.2933016719188339e+001 
 -1.4428713745698678e+001   1.7670078104483305e-015  -1.2933016719188336e+001 
 -1.0885934301579871e+001   1.0885934301579873e+001   2.0714152933881581e-015 
 -1.2300920984904240e+001   1.2288779254626034e+001  -1.3601454189072602e+001 
 -1.7634997369317240e+001  -5.5011974870015357e-003  -1.3601454189072603e+001 
 -1.3318729697707251e+001   1.3318729697707253e+001   2.1788126858268697e-015 
 -1.9099527829680792e+001   2.3390175621844370e-015   2.1776551978795230e-015 
 -1.4626528374745940e+001   1.4626528374745940e+001  -1.4395838900588782e+001 
 -2.1004578184837239e+001   2.5723189441501244e-015  -1.4395838900588780e+001 
 -1.5847182374153054e+001   1.5847182374153054e+001   2.3057080577023508e-015 
 -5.8715665812350686e+000   5.8715665812350695e+000  -1.1989241909630643e+001 
 -8.4319242518251851e+000   1.0326129045650654e-015  -1.1989241909630641e+001 
 -6.3615769956369235e+000   6.3615769956369235e+000   1.9202556980300386e-015 
 -7.9362341558138016e+000   7.9284006273598839e+000  -1.2403701192039346e+001 
 -1.1377641449109062e+001  -3.5492294802801361e-003  -1.2403701192039348e+001 
 -8.5928978544543266e+000   8.5928978544543284e+000   1.9845236565174673e-015 
 -1.2322518395805211e+001   1.5090732710857228e-015   1.9858894496361664e-015 
 -3.0930569231241520e+000  -3.0930569231241520e+000  -3.1223064365862474e+001 
  1.4128808172289519e-016  -4.4418165614806639e+000  -3.1223064365862477e+001 
 -7.6975179641983722e+000  -7.6975179641983704e+000  -2.3920558999183729e+001 
 -3.7723180159411283e+000  -3.7922396143147545e+000  -3.2836815171255424e+001 
  1.3281065582417304e-002  -5.4201721913516252e+000  -3.2836815171255417e+001 
 -9.4111235532482471e+000  -9.4244046188306623e+000  -2.5147409989212186e+001 
 -2.4809027693025638e-015  -1.3505405645828469e+001  -2.5147409989212182e+001 
 -4.5027129317941430e+000  -4.5027129317941430e+000  -3.4754629515539619e+001 
  2.0567991100515980e-016  -6.4661677328056051e+000  -3.4754629515539627e+001 
 -1.1205650119463558e+001  -1.1205650119463554e+001  -2.6626155462504467e+001 
 -1.8075361492386048e+000  -1.8075361492386053e+000  -2.8944590420802207e+001 
  8.2566639256273616e-017  -2.5957310850437123e+000  -2.8944590420802207e+001 
 -4.4983142326552130e+000  -4.4983142326552121e+000  -2.2174978559279602e+001 
 -2.4338014301078603e+000  -2.4466543270287646e+000  -2.9945183641444729e+001 
  8.5685979472701901e-003  -3.4969540677633861e+000  -2.9945183641444721e+001 
 -6.0718120439543553e+000  -6.0803806419016242e+000  -2.2932912534491376e+001 
 -1.6006139149381197e-015  -8.7133363189698407e+000  -2.2932912534491383e+001 
 -1.0047428191864157e+001  -1.0047428191864155e+001  -1.2933016719188339e+001 
 -2.6505117156724955e-015  -1.4428713745698678e+001  -1.2933016719188336e+001 
 -1.0885934301579873e+001  -1.0885934301579871e+001   2.0714152933881581e-015 
 -1.2288779254626034e+001  -1.2300920984904240e+001  -1.3601454189072602e+001 
  5.5011974870004809e-003  -1.7634997369317240e+001  -1.3601454189072603e+001 
 -1.3318729697707255e+001  -1.3318729697707251e+001   2.1788126858268697e-015 
 -3.5085263432766558e-015  -1.9099527829680792e+001   2.1776551978795230e-015 
 -1.4626528374745941e+001  -1.4626528374745938e+001  -1.4395838900588782e+001 
 -3.8584784162251868e-015  -2.1004578184837239e+001  -1.4395838900588780e+001 
 -1.5847182374153054e+001  -1.5847182374153050e+001   2.3057080577023508e-015 
 -5.8715665812350695e+000  -5.8715665812350686e+000  -1.1989241909630643e+001 
 -1.5489193568475979e-015  -8.4319242518251851e+000  -1.1989241909630641e+001 
 -6.3615769956369235e+000  -6.3615769956369217e+000   1.9202556980300386e-015 
 -7.9284006273598839e+000  -7.9362341558137999e+000  -1.2403701192039346e+001 
  3.5492294802794422e-003  -1.1377641449109062e+001  -1.2403701192039348e+001 
 -8.5928978544543284e+000  -8.5928978544543266e+000   1.9845236565174673e-015 
 -2.2636099066285837e-015  -1.2322518395805211e+001   1.9858894496361664e-015 
  3.0930569231241529e+000  -3.0930569231241525e+000  -3.1223064365862474e+001 
  7.6975179641983704e+000  -7.6975179641983713e+000  -2.3920558999183729e+001 
  3.7922396143147554e+000  -3.7723180159411291e+000  -3.2836815171255424e+001 
  9.4244046188306623e+000  -9.4111235532482453e+000  -2.5147409989212186e+001 
  4.5027129317941448e+000  -4.5027129317941439e+000  -3.4754629515539619e+001 
  1.1205650119463554e+001  -1.1205650119463556e+001  -2.6626155462504467e+001 
  1.8075361492386057e+000  -1.8075361492386057e+000  -2.8944590420802207e+001 
  4.4983142326552121e+000  -4.4983142326552130e+000  -2.2174978559279602e+001 
  2.4466543270287646e+000  -2.4338014301078603e+000  -2.9945183641444729e+001 
  6.0803806419016242e+000  -6.0718120439543553e+000  -2.2932912534491376e+001 
  1.0047428191864155e+001  -1.0047428191864155e+001  -1.2933016719188339e+001 
  1.0885934301579869e+001  -1.0885934301579873e+001   2.0714152933881581e-015 
  1.2300920984904240e+001  -1.2288779254626030e+001  -1.3601454189072602e+001 
  1.3318729697707251e+001  -1.3318729697707253e+001   2.1788126858268697e-015 
  1.4626528374745938e+001  -1.4626528374745940e+001  -1.4395838900588782e+001 
  1.5847182374153050e+001  -1.5847182374153054e+001   2.3057080577023508e-015 
  5.8715665812350686e+000  -5.8715665812350686e+000  -1.1989241909630643e+001 
  6.3615769956369217e+000  -6.3615769956369235e+000   1.9202556980300386e-015 
  7.9362341558137999e+000  -7.9284006273598839e+000  -1.2403701192039346e+001 
  8.5928978544543266e+000  -8.5928978544543284e+000   1.9845236565174673e-015 
