#number_of_mesh_dimensions
3
#number_of_mesh_components
2
#number_of_nodes
172
#number_of_elements
16
#number_of_bases
2

#mesh_component
1
#basis_order
2
#elements
2  28  2  29  30  31  5  32  8  33  34  35  36  37  38  39  40  41  3  42  3  43  44  45  6  46  9  
1  47  1  48  49  50  4  51  7  52  53  54  55  56  57  58  59  60  2  28  2  29  30  31  5  32  8  
5  32  8  61  62  63  17  64  20  39  40  41  65  66  67  68  69  70  6  46  9  71  72  73  18  74  21  
4  51  7  75  76  77  16  78  19  58  59  60  79  80  81  82  83  84  5  32  8  61  62  63  17  64  20  
2  32  2  31  85  86  8  87  11  35  40  41  38  88  89  41  90  91  3  46  3  45  92  93  9  94  12  
1  51  1  50  95  96  7  97  10  54  59  60  57  98  99  60  100  101  2  32  2  31  85  86  8  87  11  
8  87  11  63  102  103  20  104  23  41  90  91  67  105  106  70  107  108  9  94  12  73  109  110  21  111  24  
7  97  10  77  112  113  19  114  22  60  100  101  81  115  116  84  117  118  8  87  11  63  102  103  20  104  23  
2  32  2  86  119  120  11  121  14  39  40  41  89  122  123  91  124  125  3  46  3  93  126  127  12  128  15  
1  51  1  96  129  130  10  131  13  58  59  60  99  132  133  101  134  135  2  32  2  86  119  120  11  121  14  
11  121  14  103  136  137  23  138  26  91  124  125  106  139  140  108  141  142  12  128  15  110  143  144  24  145  27  
10  131  13  113  146  147  22  148  25  101  134  135  116  149  150  118  151  152  11  121  14  103  136  137  23  138  26  
2  32  2  120  153  29  14  154  5  39  40  33  123  155  36  125  156  39  3  46  3  127  157  43  15  158  6  
1  51  1  130  159  48  13  160  4  58  59  52  133  161  55  135  162  58  2  32  2  120  153  29  14  154  5  
14  154  5  137  163  61  26  164  17  125  156  39  140  165  65  142  166  68  15  158  6  144  167  71  27  168  18  
13  160  4  147  169  75  25  170  16  135  162  58  150  171  79  152  172  82  14  154  5  137  163  61  26  164  17  

#mesh_component
2
#basis_order
1
#elements
2  2  5  8  3  3  6  9  
1  1  4  7  2  2  5  8  
5  8  17  20  6  9  18  21  
4  7  16  19  5  8  17  20  
2  2  8  11  3  3  9  12  
1  1  7  10  2  2  8  11  
8  11  20  23  9  12  21  24  
7  10  19  22  8  11  20  23  
2  2  11  14  3  3  12  15  
1  1  10  13  2  2  11  14  
11  14  23  26  12  15  24  27  
10  13  22  25  11  14  23  26  
2  2  14  5  3  3  15  6  
1  1  13  4  2  2  14  5  
14  5  26  17  15  6  27  18  
13  4  25  16  14  5  26  17  

