216 125
     1,     5.00000000,     -5.00000000,      5.00000000
     2,     5.00000000,      5.00000000,      5.00000000
     3,     5.00000000,     -3.00000000,      5.00000000
     4,     5.00000000,     -1.00000000,      5.00000000
     5,     5.00000000,      1.00000000,      5.00000000
     6,     5.00000000,      3.00000000,      5.00000000
     7,    -5.00000000,      5.00000000,      5.00000000
     8,     3.00000000,      5.00000000,      5.00000000
     9,     1.00000000,      5.00000000,      5.00000000
    10,    -1.00000000,      5.00000000,      5.00000000
    11,    -3.00000000,      5.00000000,      5.00000000
    12,    -5.00000000,     -5.00000000,      5.00000000
    13,    -5.00000000,      3.00000000,      5.00000000
    14,    -5.00000000,      1.00000000,      5.00000000
    15,    -5.00000000,     -1.00000000,      5.00000000
    16,    -5.00000000,     -3.00000000,      5.00000000
    17,    -3.00000000,     -5.00000000,      5.00000000
    18,    -1.00000000,     -5.00000000,      5.00000000
    19,     1.00000000,     -5.00000000,      5.00000000
    20,     3.00000000,     -5.00000000,      5.00000000
    21,     3.00000000,     -3.00000000,      5.00000000
    22,     1.00000000,     -3.00000000,      5.00000000
    23,    -1.00000000,     -3.00000000,      5.00000000
    24,    -3.00000000,     -3.00000000,      5.00000000
    25,     3.00000000,     -1.00000000,      5.00000000
    26,     1.00000000,     -1.00000000,      5.00000000
    27,    -1.00000000,     -1.00000000,      5.00000000
    28,    -3.00000000,     -1.00000000,      5.00000000
    29,     3.00000000,      1.00000000,      5.00000000
    30,     1.00000000,      1.00000000,      5.00000000
    31,    -1.00000000,      1.00000000,      5.00000000
    32,    -3.00000000,      1.00000000,      5.00000000
    33,     3.00000000,      3.00000000,      5.00000000
    34,     1.00000000,      3.00000000,      5.00000000
    35,    -1.00000000,      3.00000000,      5.00000000
    36,    -3.00000000,      3.00000000,      5.00000000
    37,     5.00000000,      5.00000000,     -5.00000000
    38,     5.00000000,     -5.00000000,     -5.00000000
    39,     5.00000000,      3.00000000,     -5.00000000
    40,     5.00000000,      1.00000000,     -5.00000000
    41,     5.00000000,     -1.00000000,     -5.00000000
    42,     5.00000000,     -3.00000000,     -5.00000000
    43,    -5.00000000,     -5.00000000,     -5.00000000
    44,     3.00000000,     -5.00000000,     -5.00000000
    45,     1.00000000,     -5.00000000,     -5.00000000
    46,    -1.00000000,     -5.00000000,     -5.00000000
    47,    -3.00000000,     -5.00000000,     -5.00000000
    48,    -5.00000000,      5.00000000,     -5.00000000
    49,    -5.00000000,     -3.00000000,     -5.00000000
    50,    -5.00000000,     -1.00000000,     -5.00000000
    51,    -5.00000000,      1.00000000,     -5.00000000
    52,    -5.00000000,      3.00000000,     -5.00000000
    53,    -3.00000000,      5.00000000,     -5.00000000
    54,    -1.00000000,      5.00000000,     -5.00000000
    55,     1.00000000,      5.00000000,     -5.00000000
    56,     3.00000000,      5.00000000,     -5.00000000
    57,     3.00000000,      3.00000000,     -5.00000000
    58,     1.00000000,      3.00000000,     -5.00000000
    59,    -1.00000000,      3.00000000,     -5.00000000
    60,    -3.00000000,      3.00000000,     -5.00000000
    61,     3.00000000,      1.00000000,     -5.00000000
    62,     1.00000000,      1.00000000,     -5.00000000
    63,    -1.00000000,      1.00000000,     -5.00000000
    64,    -3.00000000,      1.00000000,     -5.00000000
    65,     3.00000000,     -1.00000000,     -5.00000000
    66,     1.00000000,     -1.00000000,     -5.00000000
    67,    -1.00000000,     -1.00000000,     -5.00000000
    68,    -3.00000000,     -1.00000000,     -5.00000000
    69,     3.00000000,     -3.00000000,     -5.00000000
    70,     1.00000000,     -3.00000000,     -5.00000000
    71,    -1.00000000,     -3.00000000,     -5.00000000
    72,    -3.00000000,     -3.00000000,     -5.00000000
    73,    -5.00000000,     -5.00000000,      3.00000000
    74,    -5.00000000,     -5.00000000,      1.00000000
    75,    -5.00000000,     -5.00000000,     -1.00000000
    76,    -5.00000000,     -5.00000000,     -3.00000000
    77,     5.00000000,     -5.00000000,      3.00000000
    78,     5.00000000,     -5.00000000,      1.00000000
    79,     5.00000000,     -5.00000000,     -1.00000000
    80,     5.00000000,     -5.00000000,     -3.00000000
    81,    -3.00000000,     -5.00000000,      3.00000000
    82,    -1.00000000,     -5.00000000,      3.00000000
    83,     1.00000000,     -5.00000000,      3.00000000
    84,     3.00000000,     -5.00000000,      3.00000000
    85,    -3.00000000,     -5.00000000,      1.00000000
    86,    -1.00000000,     -5.00000000,      1.00000000
    87,     1.00000000,     -5.00000000,      1.00000000
    88,     3.00000000,     -5.00000000,      1.00000000
    89,    -3.00000000,     -5.00000000,     -1.00000000
    90,    -1.00000000,     -5.00000000,     -1.00000000
    91,     1.00000000,     -5.00000000,     -1.00000000
    92,     3.00000000,     -5.00000000,     -1.00000000
    93,    -3.00000000,     -5.00000000,     -3.00000000
    94,    -1.00000000,     -5.00000000,     -3.00000000
    95,     1.00000000,     -5.00000000,     -3.00000000
    96,     3.00000000,     -5.00000000,     -3.00000000
    97,    -5.00000000,      5.00000000,      3.00000000
    98,    -5.00000000,      5.00000000,      1.00000000
    99,    -5.00000000,      5.00000000,     -1.00000000
   100,    -5.00000000,      5.00000000,     -3.00000000
   101,    -5.00000000,      3.00000000,      3.00000000
   102,    -5.00000000,      1.00000000,      3.00000000
   103,    -5.00000000,     -1.00000000,      3.00000000
   104,    -5.00000000,     -3.00000000,      3.00000000
   105,    -5.00000000,      3.00000000,      1.00000000
   106,    -5.00000000,      1.00000000,      1.00000000
   107,    -5.00000000,     -1.00000000,      1.00000000
   108,    -5.00000000,     -3.00000000,      1.00000000
   109,    -5.00000000,      3.00000000,     -1.00000000
   110,    -5.00000000,      1.00000000,     -1.00000000
   111,    -5.00000000,     -1.00000000,     -1.00000000
   112,    -5.00000000,     -3.00000000,     -1.00000000
   113,    -5.00000000,      3.00000000,     -3.00000000
   114,    -5.00000000,      1.00000000,     -3.00000000
   115,    -5.00000000,     -1.00000000,     -3.00000000
   116,    -5.00000000,     -3.00000000,     -3.00000000
   117,     5.00000000,      5.00000000,      3.00000000
   118,     5.00000000,      5.00000000,      1.00000000
   119,     5.00000000,      5.00000000,     -1.00000000
   120,     5.00000000,      5.00000000,     -3.00000000
   121,     3.00000000,      5.00000000,      3.00000000
   122,     1.00000000,      5.00000000,      3.00000000
   123,    -1.00000000,      5.00000000,      3.00000000
   124,    -3.00000000,      5.00000000,      3.00000000
   125,     3.00000000,      5.00000000,      1.00000000
   126,     1.00000000,      5.00000000,      1.00000000
   127,    -1.00000000,      5.00000000,      1.00000000
   128,    -3.00000000,      5.00000000,      1.00000000
   129,     3.00000000,      5.00000000,     -1.00000000
   130,     1.00000000,      5.00000000,     -1.00000000
   131,    -1.00000000,      5.00000000,     -1.00000000
   132,    -3.00000000,      5.00000000,     -1.00000000
   133,     3.00000000,      5.00000000,     -3.00000000
   134,     1.00000000,      5.00000000,     -3.00000000
   135,    -1.00000000,      5.00000000,     -3.00000000
   136,    -3.00000000,      5.00000000,     -3.00000000
   137,     5.00000000,     -3.00000000,      3.00000000
   138,     5.00000000,     -1.00000000,      3.00000000
   139,     5.00000000,      1.00000000,      3.00000000
   140,     5.00000000,      3.00000000,      3.00000000
   141,     5.00000000,     -3.00000000,      1.00000000
   142,     5.00000000,     -1.00000000,      1.00000000
   143,     5.00000000,      1.00000000,      1.00000000
   144,     5.00000000,      3.00000000,      1.00000000
   145,     5.00000000,     -3.00000000,     -1.00000000
   146,     5.00000000,     -1.00000000,     -1.00000000
   147,     5.00000000,      1.00000000,     -1.00000000
   148,     5.00000000,      3.00000000,     -1.00000000
   149,     5.00000000,     -3.00000000,     -3.00000000
   150,     5.00000000,     -1.00000000,     -3.00000000
   151,     5.00000000,      1.00000000,     -3.00000000
   152,     5.00000000,      3.00000000,     -3.00000000
   153,    -3.00000000,     -3.00000000,      3.00000000
   154,    -3.00000000,     -3.00000000,      1.00000000
   155,    -3.00000000,     -3.00000000,     -1.00000000
   156,    -3.00000000,     -3.00000000,     -3.00000000
   157,    -3.00000000,     -1.00000000,      3.00000000
   158,    -3.00000000,     -1.00000000,      1.00000000
   159,    -3.00000000,     -1.00000000,     -1.00000000
   160,    -3.00000000,     -1.00000000,     -3.00000000
   161,    -3.00000000,      1.00000000,      3.00000000
   162,    -3.00000000,      1.00000000,      1.00000000
   163,    -3.00000000,      1.00000000,     -1.00000000
   164,    -3.00000000,      1.00000000,     -3.00000000
   165,    -3.00000000,      3.00000000,      3.00000000
   166,    -3.00000000,      3.00000000,      1.00000000
   167,    -3.00000000,      3.00000000,     -1.00000000
   168,    -3.00000000,      3.00000000,     -3.00000000
   169,    -1.00000000,     -3.00000000,      3.00000000
   170,    -1.00000000,     -3.00000000,      1.00000000
   171,    -1.00000000,     -3.00000000,     -1.00000000
   172,    -1.00000000,     -3.00000000,     -3.00000000
   173,    -1.00000000,     -1.00000000,      3.00000000
   174,    -1.00000000,     -1.00000000,      1.00000000
   175,    -1.00000000,     -1.00000000,     -1.00000000
   176,    -1.00000000,     -1.00000000,     -3.00000000
   177,    -1.00000000,      1.00000000,      3.00000000
   178,    -1.00000000,      1.00000000,      1.00000000
   179,    -1.00000000,      1.00000000,     -1.00000000
   180,    -1.00000000,      1.00000000,     -3.00000000
   181,    -1.00000000,      3.00000000,      3.00000000
   182,    -1.00000000,      3.00000000,      1.00000000
   183,    -1.00000000,      3.00000000,     -1.00000000
   184,    -1.00000000,      3.00000000,     -3.00000000
   185,     1.00000000,     -3.00000000,      3.00000000
   186,     1.00000000,     -3.00000000,      1.00000000
   187,     1.00000000,     -3.00000000,     -1.00000000
   188,     1.00000000,     -3.00000000,     -3.00000000
   189,     1.00000000,     -1.00000000,      3.00000000
   190,     1.00000000,     -1.00000000,      1.00000000
   191,     1.00000000,     -1.00000000,     -1.00000000
   192,     1.00000000,     -1.00000000,     -3.00000000
   193,     1.00000000,      1.00000000,      3.00000000
   194,     1.00000000,      1.00000000,      1.00000000
   195,     1.00000000,      1.00000000,     -1.00000000
   196,     1.00000000,      1.00000000,     -3.00000000
   197,     1.00000000,      3.00000000,      3.00000000
   198,     1.00000000,      3.00000000,      1.00000000
   199,     1.00000000,      3.00000000,     -1.00000000
   200,     1.00000000,      3.00000000,     -3.00000000
   201,     3.00000000,     -3.00000000,      3.00000000
   202,     3.00000000,     -3.00000000,      1.00000000
   203,     3.00000000,     -3.00000000,     -1.00000000
   204,     3.00000000,     -3.00000000,     -3.00000000
   205,     3.00000000,     -1.00000000,      3.00000000
   206,     3.00000000,     -1.00000000,      1.00000000
   207,     3.00000000,     -1.00000000,     -1.00000000
   208,     3.00000000,     -1.00000000,     -3.00000000
   209,     3.00000000,      1.00000000,      3.00000000
   210,     3.00000000,      1.00000000,      1.00000000
   211,     3.00000000,      1.00000000,     -1.00000000
   212,     3.00000000,      1.00000000,     -3.00000000
   213,     3.00000000,      3.00000000,      3.00000000
   214,     3.00000000,      3.00000000,      1.00000000
   215,     3.00000000,      3.00000000,     -1.00000000
   216,     3.00000000,      3.00000000,     -3.00000000
         1,        12,         73,        104,         16,         17,         81,        153,         24
         2,        73,         74,        108,        104,         81,         85,        154,        153
         3,        74,         75,        112,        108,         85,         89,        155,        154
         4,        75,         76,        116,        112,         89,         93,        156,        155
         5,        76,         43,         49,        116,         93,         47,         72,        156
         6,        16,        104,        103,         15,         24,        153,        157,         28
         7,       104,        108,        107,        103,        153,        154,        158,        157
         8,       108,        112,        111,        107,        154,        155,        159,        158
         9,       112,        116,        115,        111,        155,        156,        160,        159
        10,       116,         49,         50,        115,        156,         72,         68,        160
        11,        15,        103,        102,         14,         28,        157,        161,         32
        12,       103,        107,        106,        102,        157,        158,        162,        161
        13,       107,        111,        110,        106,        158,        159,        163,        162
        14,       111,        115,        114,        110,        159,        160,        164,        163
        15,       115,         50,         51,        114,        160,         68,         64,        164
        16,        14,        102,        101,         13,         32,        161,        165,         36
        17,       102,        106,        105,        101,        161,        162,        166,        165
        18,       106,        110,        109,        105,        162,        163,        167,        166
        19,       110,        114,        113,        109,        163,        164,        168,        167
        20,       114,         51,         52,        113,        164,         64,         60,        168
        21,        13,        101,         97,          7,         36,        165,        124,         11
        22,       101,        105,         98,         97,        165,        166,        128,        124
        23,       105,        109,         99,         98,        166,        167,        132,        128
        24,       109,        113,        100,         99,        167,        168,        136,        132
        25,       113,         52,         48,        100,        168,         60,         53,        136
        26,        17,         81,        153,         24,         18,         82,        169,         23
        27,        81,         85,        154,        153,         82,         86,        170,        169
        28,        85,         89,        155,        154,         86,         90,        171,        170
        29,        89,         93,        156,        155,         90,         94,        172,        171
        30,        93,         47,         72,        156,         94,         46,         71,        172
        31,        24,        153,        157,         28,         23,        169,        173,         27
        32,       153,        154,        158,        157,        169,        170,        174,        173
        33,       154,        155,        159,        158,        170,        171,        175,        174
        34,       155,        156,        160,        159,        171,        172,        176,        175
        35,       156,         72,         68,        160,        172,         71,         67,        176
        36,        28,        157,        161,         32,         27,        173,        177,         31
        37,       157,        158,        162,        161,        173,        174,        178,        177
        38,       158,        159,        163,        162,        174,        175,        179,        178
        39,       159,        160,        164,        163,        175,        176,        180,        179
        40,       160,         68,         64,        164,        176,         67,         63,        180
        41,        32,        161,        165,         36,         31,        177,        181,         35
        42,       161,        162,        166,        165,        177,        178,        182,        181
        43,       162,        163,        167,        166,        178,        179,        183,        182
        44,       163,        164,        168,        167,        179,        180,        184,        183
        45,       164,         64,         60,        168,        180,         63,         59,        184
        46,        36,        165,        124,         11,         35,        181,        123,         10
        47,       165,        166,        128,        124,        181,        182,        127,        123
        48,       166,        167,        132,        128,        182,        183,        131,        127
        49,       167,        168,        136,        132,        183,        184,        135,        131
        50,       168,         60,         53,        136,        184,         59,         54,        135
        51,        18,         82,        169,         23,         19,         83,        185,         22
        52,        82,         86,        170,        169,         83,         87,        186,        185
        53,        86,         90,        171,        170,         87,         91,        187,        186
        54,        90,         94,        172,        171,         91,         95,        188,        187
        55,        94,         46,         71,        172,         95,         45,         70,        188
        56,        23,        169,        173,         27,         22,        185,        189,         26
        57,       169,        170,        174,        173,        185,        186,        190,        189
        58,       170,        171,        175,        174,        186,        187,        191,        190
        59,       171,        172,        176,        175,        187,        188,        192,        191
        60,       172,         71,         67,        176,        188,         70,         66,        192
        61,        27,        173,        177,         31,         26,        189,        193,         30
        62,       173,        174,        178,        177,        189,        190,        194,        193
        63,       174,        175,        179,        178,        190,        191,        195,        194
        64,       175,        176,        180,        179,        191,        192,        196,        195
        65,       176,         67,         63,        180,        192,         66,         62,        196
        66,        31,        177,        181,         35,         30,        193,        197,         34
        67,       177,        178,        182,        181,        193,        194,        198,        197
        68,       178,        179,        183,        182,        194,        195,        199,        198
        69,       179,        180,        184,        183,        195,        196,        200,        199
        70,       180,         63,         59,        184,        196,         62,         58,        200
        71,        35,        181,        123,         10,         34,        197,        122,          9
        72,       181,        182,        127,        123,        197,        198,        126,        122
        73,       182,        183,        131,        127,        198,        199,        130,        126
        74,       183,        184,        135,        131,        199,        200,        134,        130
        75,       184,         59,         54,        135,        200,         58,         55,        134
        76,        19,         83,        185,         22,         20,         84,        201,         21
        77,        83,         87,        186,        185,         84,         88,        202,        201
        78,        87,         91,        187,        186,         88,         92,        203,        202
        79,        91,         95,        188,        187,         92,         96,        204,        203
        80,        95,         45,         70,        188,         96,         44,         69,        204
        81,        22,        185,        189,         26,         21,        201,        205,         25
        82,       185,        186,        190,        189,        201,        202,        206,        205
        83,       186,        187,        191,        190,        202,        203,        207,        206
        84,       187,        188,        192,        191,        203,        204,        208,        207
        85,       188,         70,         66,        192,        204,         69,         65,        208
        86,        26,        189,        193,         30,         25,        205,        209,         29
        87,       189,        190,        194,        193,        205,        206,        210,        209
        88,       190,        191,        195,        194,        206,        207,        211,        210
        89,       191,        192,        196,        195,        207,        208,        212,        211
        90,       192,         66,         62,        196,        208,         65,         61,        212
        91,        30,        193,        197,         34,         29,        209,        213,         33
        92,       193,        194,        198,        197,        209,        210,        214,        213
        93,       194,        195,        199,        198,        210,        211,        215,        214
        94,       195,        196,        200,        199,        211,        212,        216,        215
        95,       196,         62,         58,        200,        212,         61,         57,        216
        96,        34,        197,        122,          9,         33,        213,        121,          8
        97,       197,        198,        126,        122,        213,        214,        125,        121
        98,       198,        199,        130,        126,        214,        215,        129,        125
        99,       199,        200,        134,        130,        215,        216,        133,        129
       100,       200,         58,         55,        134,        216,         57,         56,        133
       101,        20,         84,        201,         21,          1,         77,        137,          3
       102,        84,         88,        202,        201,         77,         78,        141,        137
       103,        88,         92,        203,        202,         78,         79,        145,        141
       104,        92,         96,        204,        203,         79,         80,        149,        145
       105,        96,         44,         69,        204,         80,         38,         42,        149
       106,        21,        201,        205,         25,          3,        137,        138,          4
       107,       201,        202,        206,        205,        137,        141,        142,        138
       108,       202,        203,        207,        206,        141,        145,        146,        142
       109,       203,        204,        208,        207,        145,        149,        150,        146
       110,       204,         69,         65,        208,        149,         42,         41,        150
       111,        25,        205,        209,         29,          4,        138,        139,          5
       112,       205,        206,        210,        209,        138,        142,        143,        139
       113,       206,        207,        211,        210,        142,        146,        147,        143
       114,       207,        208,        212,        211,        146,        150,        151,        147
       115,       208,         65,         61,        212,        150,         41,         40,        151
       116,        29,        209,        213,         33,          5,        139,        140,          6
       117,       209,        210,        214,        213,        139,        143,        144,        140
       118,       210,        211,        215,        214,        143,        147,        148,        144
       119,       211,        212,        216,        215,        147,        151,        152,        148
       120,       212,         61,         57,        216,        151,         40,         39,        152
       121,        33,        213,        121,          8,          6,        140,        117,          2
       122,       213,        214,        125,        121,        140,        144,        118,        117
       123,       214,        215,        129,        125,        144,        148,        119,        118
       124,       215,        216,        133,        129,        148,        152,        120,        119
       125,       216,         57,         56,        133,        152,         39,         37,        120
