441 400
     1,     0.00000000,      0.00000000,      0.00000000
     2,    10.00000000,      0.00000000,      0.00000000
     3,     0.50000000,      0.00000000,      0.00000000
     4,     1.00000000,      0.00000000,      0.00000000
     5,     1.50000000,      0.00000000,      0.00000000
     6,     2.00000000,      0.00000000,      0.00000000
     7,     2.50000000,      0.00000000,      0.00000000
     8,     3.00000000,      0.00000000,      0.00000000
     9,     3.50000000,      0.00000000,      0.00000000
    10,     4.00000000,      0.00000000,      0.00000000
    11,     4.50000000,      0.00000000,      0.00000000
    12,     5.00000000,      0.00000000,      0.00000000
    13,     5.50000000,      0.00000000,      0.00000000
    14,     6.00000000,      0.00000000,      0.00000000
    15,     6.50000000,      0.00000000,      0.00000000
    16,     7.00000000,      0.00000000,      0.00000000
    17,     7.50000000,      0.00000000,      0.00000000
    18,     8.00000000,      0.00000000,      0.00000000
    19,     8.50000000,      0.00000000,      0.00000000
    20,     9.00000000,      0.00000000,      0.00000000
    21,     9.50000000,      0.00000000,      0.00000000
    22,    10.00000000,     10.00000000,      0.00000000
    23,    10.00000000,      0.50000000,      0.00000000
    24,    10.00000000,      1.00000000,      0.00000000
    25,    10.00000000,      1.50000000,      0.00000000
    26,    10.00000000,      2.00000000,      0.00000000
    27,    10.00000000,      2.50000000,      0.00000000
    28,    10.00000000,      3.00000000,      0.00000000
    29,    10.00000000,      3.50000000,      0.00000000
    30,    10.00000000,      4.00000000,      0.00000000
    31,    10.00000000,      4.50000000,      0.00000000
    32,    10.00000000,      5.00000000,      0.00000000
    33,    10.00000000,      5.50000000,      0.00000000
    34,    10.00000000,      6.00000000,      0.00000000
    35,    10.00000000,      6.50000000,      0.00000000
    36,    10.00000000,      7.00000000,      0.00000000
    37,    10.00000000,      7.50000000,      0.00000000
    38,    10.00000000,      8.00000000,      0.00000000
    39,    10.00000000,      8.50000000,      0.00000000
    40,    10.00000000,      9.00000000,      0.00000000
    41,    10.00000000,      9.50000000,      0.00000000
    42,     0.00000000,     10.00000000,      0.00000000
    43,     9.50000000,     10.00000000,      0.00000000
    44,     9.00000000,     10.00000000,      0.00000000
    45,     8.50000000,     10.00000000,      0.00000000
    46,     8.00000000,     10.00000000,      0.00000000
    47,     7.50000000,     10.00000000,      0.00000000
    48,     7.00000000,     10.00000000,      0.00000000
    49,     6.50000000,     10.00000000,      0.00000000
    50,     6.00000000,     10.00000000,      0.00000000
    51,     5.50000000,     10.00000000,      0.00000000
    52,     5.00000000,     10.00000000,      0.00000000
    53,     4.50000000,     10.00000000,      0.00000000
    54,     4.00000000,     10.00000000,      0.00000000
    55,     3.50000000,     10.00000000,      0.00000000
    56,     3.00000000,     10.00000000,      0.00000000
    57,     2.50000000,     10.00000000,      0.00000000
    58,     2.00000000,     10.00000000,      0.00000000
    59,     1.50000000,     10.00000000,      0.00000000
    60,     1.00000000,     10.00000000,      0.00000000
    61,     0.50000000,     10.00000000,      0.00000000
    62,     0.00000000,      9.50000000,      0.00000000
    63,     0.00000000,      9.00000000,      0.00000000
    64,     0.00000000,      8.50000000,      0.00000000
    65,     0.00000000,      8.00000000,      0.00000000
    66,     0.00000000,      7.50000000,      0.00000000
    67,     0.00000000,      7.00000000,      0.00000000
    68,     0.00000000,      6.50000000,      0.00000000
    69,     0.00000000,      6.00000000,      0.00000000
    70,     0.00000000,      5.50000000,      0.00000000
    71,     0.00000000,      5.00000000,      0.00000000
    72,     0.00000000,      4.50000000,      0.00000000
    73,     0.00000000,      4.00000000,      0.00000000
    74,     0.00000000,      3.50000000,      0.00000000
    75,     0.00000000,      3.00000000,      0.00000000
    76,     0.00000000,      2.50000000,      0.00000000
    77,     0.00000000,      2.00000000,      0.00000000
    78,     0.00000000,      1.50000000,      0.00000000
    79,     0.00000000,      1.00000000,      0.00000000
    80,     0.00000000,      0.50000000,      0.00000000
    81,     0.50000000,      0.50000000,      0.00000000
    82,     0.50000000,      1.00000000,      0.00000000
    83,     0.50000000,      1.50000000,      0.00000000
    84,     0.50000000,      2.00000000,      0.00000000
    85,     0.50000000,      2.50000000,      0.00000000
    86,     0.50000000,      3.00000000,      0.00000000
    87,     0.50000000,      3.50000000,      0.00000000
    88,     0.50000000,      4.00000000,      0.00000000
    89,     0.50000000,      4.50000000,      0.00000000
    90,     0.50000000,      5.00000000,      0.00000000
    91,     0.50000000,      5.50000000,      0.00000000
    92,     0.50000000,      6.00000000,      0.00000000
    93,     0.50000000,      6.50000000,      0.00000000
    94,     0.50000000,      7.00000000,      0.00000000
    95,     0.50000000,      7.50000000,      0.00000000
    96,     0.50000000,      8.00000000,      0.00000000
    97,     0.50000000,      8.50000000,      0.00000000
    98,     0.50000000,      9.00000000,      0.00000000
    99,     0.50000000,      9.50000000,      0.00000000
   100,     1.00000000,      0.50000000,      0.00000000
   101,     1.00000000,      1.00000000,      0.00000000
   102,     1.00000000,      1.50000000,      0.00000000
   103,     1.00000000,      2.00000000,      0.00000000
   104,     1.00000000,      2.50000000,      0.00000000
   105,     1.00000000,      3.00000000,      0.00000000
   106,     1.00000000,      3.50000000,      0.00000000
   107,     1.00000000,      4.00000000,      0.00000000
   108,     1.00000000,      4.50000000,      0.00000000
   109,     1.00000000,      5.00000000,      0.00000000
   110,     1.00000000,      5.50000000,      0.00000000
   111,     1.00000000,      6.00000000,      0.00000000
   112,     1.00000000,      6.50000000,      0.00000000
   113,     1.00000000,      7.00000000,      0.00000000
   114,     1.00000000,      7.50000000,      0.00000000
   115,     1.00000000,      8.00000000,      0.00000000
   116,     1.00000000,      8.50000000,      0.00000000
   117,     1.00000000,      9.00000000,      0.00000000
   118,     1.00000000,      9.50000000,      0.00000000
   119,     1.50000000,      0.50000000,      0.00000000
   120,     1.50000000,      1.00000000,      0.00000000
   121,     1.50000000,      1.50000000,      0.00000000
   122,     1.50000000,      2.00000000,      0.00000000
   123,     1.50000000,      2.50000000,      0.00000000
   124,     1.50000000,      3.00000000,      0.00000000
   125,     1.50000000,      3.50000000,      0.00000000
   126,     1.50000000,      4.00000000,      0.00000000
   127,     1.50000000,      4.50000000,      0.00000000
   128,     1.50000000,      5.00000000,      0.00000000
   129,     1.50000000,      5.50000000,      0.00000000
   130,     1.50000000,      6.00000000,      0.00000000
   131,     1.50000000,      6.50000000,      0.00000000
   132,     1.50000000,      7.00000000,      0.00000000
   133,     1.50000000,      7.50000000,      0.00000000
   134,     1.50000000,      8.00000000,      0.00000000
   135,     1.50000000,      8.50000000,      0.00000000
   136,     1.50000000,      9.00000000,      0.00000000
   137,     1.50000000,      9.50000000,      0.00000000
   138,     2.00000000,      0.50000000,      0.00000000
   139,     2.00000000,      1.00000000,      0.00000000
   140,     2.00000000,      1.50000000,      0.00000000
   141,     2.00000000,      2.00000000,      0.00000000
   142,     2.00000000,      2.50000000,      0.00000000
   143,     2.00000000,      3.00000000,      0.00000000
   144,     2.00000000,      3.50000000,      0.00000000
   145,     2.00000000,      4.00000000,      0.00000000
   146,     2.00000000,      4.50000000,      0.00000000
   147,     2.00000000,      5.00000000,      0.00000000
   148,     2.00000000,      5.50000000,      0.00000000
   149,     2.00000000,      6.00000000,      0.00000000
   150,     2.00000000,      6.50000000,      0.00000000
   151,     2.00000000,      7.00000000,      0.00000000
   152,     2.00000000,      7.50000000,      0.00000000
   153,     2.00000000,      8.00000000,      0.00000000
   154,     2.00000000,      8.50000000,      0.00000000
   155,     2.00000000,      9.00000000,      0.00000000
   156,     2.00000000,      9.50000000,      0.00000000
   157,     2.50000000,      0.50000000,      0.00000000
   158,     2.50000000,      1.00000000,      0.00000000
   159,     2.50000000,      1.50000000,      0.00000000
   160,     2.50000000,      2.00000000,      0.00000000
   161,     2.50000000,      2.50000000,      0.00000000
   162,     2.50000000,      3.00000000,      0.00000000
   163,     2.50000000,      3.50000000,      0.00000000
   164,     2.50000000,      4.00000000,      0.00000000
   165,     2.50000000,      4.50000000,      0.00000000
   166,     2.50000000,      5.00000000,      0.00000000
   167,     2.50000000,      5.50000000,      0.00000000
   168,     2.50000000,      6.00000000,      0.00000000
   169,     2.50000000,      6.50000000,      0.00000000
   170,     2.50000000,      7.00000000,      0.00000000
   171,     2.50000000,      7.50000000,      0.00000000
   172,     2.50000000,      8.00000000,      0.00000000
   173,     2.50000000,      8.50000000,      0.00000000
   174,     2.50000000,      9.00000000,      0.00000000
   175,     2.50000000,      9.50000000,      0.00000000
   176,     3.00000000,      0.50000000,      0.00000000
   177,     3.00000000,      1.00000000,      0.00000000
   178,     3.00000000,      1.50000000,      0.00000000
   179,     3.00000000,      2.00000000,      0.00000000
   180,     3.00000000,      2.50000000,      0.00000000
   181,     3.00000000,      3.00000000,      0.00000000
   182,     3.00000000,      3.50000000,      0.00000000
   183,     3.00000000,      4.00000000,      0.00000000
   184,     3.00000000,      4.50000000,      0.00000000
   185,     3.00000000,      5.00000000,      0.00000000
   186,     3.00000000,      5.50000000,      0.00000000
   187,     3.00000000,      6.00000000,      0.00000000
   188,     3.00000000,      6.50000000,      0.00000000
   189,     3.00000000,      7.00000000,      0.00000000
   190,     3.00000000,      7.50000000,      0.00000000
   191,     3.00000000,      8.00000000,      0.00000000
   192,     3.00000000,      8.50000000,      0.00000000
   193,     3.00000000,      9.00000000,      0.00000000
   194,     3.00000000,      9.50000000,      0.00000000
   195,     3.50000000,      0.50000000,      0.00000000
   196,     3.50000000,      1.00000000,      0.00000000
   197,     3.50000000,      1.50000000,      0.00000000
   198,     3.50000000,      2.00000000,      0.00000000
   199,     3.50000000,      2.50000000,      0.00000000
   200,     3.50000000,      3.00000000,      0.00000000
   201,     3.50000000,      3.50000000,      0.00000000
   202,     3.50000000,      4.00000000,      0.00000000
   203,     3.50000000,      4.50000000,      0.00000000
   204,     3.50000000,      5.00000000,      0.00000000
   205,     3.50000000,      5.50000000,      0.00000000
   206,     3.50000000,      6.00000000,      0.00000000
   207,     3.50000000,      6.50000000,      0.00000000
   208,     3.50000000,      7.00000000,      0.00000000
   209,     3.50000000,      7.50000000,      0.00000000
   210,     3.50000000,      8.00000000,      0.00000000
   211,     3.50000000,      8.50000000,      0.00000000
   212,     3.50000000,      9.00000000,      0.00000000
   213,     3.50000000,      9.50000000,      0.00000000
   214,     4.00000000,      0.50000000,      0.00000000
   215,     4.00000000,      1.00000000,      0.00000000
   216,     4.00000000,      1.50000000,      0.00000000
   217,     4.00000000,      2.00000000,      0.00000000
   218,     4.00000000,      2.50000000,      0.00000000
   219,     4.00000000,      3.00000000,      0.00000000
   220,     4.00000000,      3.50000000,      0.00000000
   221,     4.00000000,      4.00000000,      0.00000000
   222,     4.00000000,      4.50000000,      0.00000000
   223,     4.00000000,      5.00000000,      0.00000000
   224,     4.00000000,      5.50000000,      0.00000000
   225,     4.00000000,      6.00000000,      0.00000000
   226,     4.00000000,      6.50000000,      0.00000000
   227,     4.00000000,      7.00000000,      0.00000000
   228,     4.00000000,      7.50000000,      0.00000000
   229,     4.00000000,      8.00000000,      0.00000000
   230,     4.00000000,      8.50000000,      0.00000000
   231,     4.00000000,      9.00000000,      0.00000000
   232,     4.00000000,      9.50000000,      0.00000000
   233,     4.50000000,      0.50000000,      0.00000000
   234,     4.50000000,      1.00000000,      0.00000000
   235,     4.50000000,      1.50000000,      0.00000000
   236,     4.50000000,      2.00000000,      0.00000000
   237,     4.50000000,      2.50000000,      0.00000000
   238,     4.50000000,      3.00000000,      0.00000000
   239,     4.50000000,      3.50000000,      0.00000000
   240,     4.50000000,      4.00000000,      0.00000000
   241,     4.50000000,      4.50000000,      0.00000000
   242,     4.50000000,      5.00000000,      0.00000000
   243,     4.50000000,      5.50000000,      0.00000000
   244,     4.50000000,      6.00000000,      0.00000000
   245,     4.50000000,      6.50000000,      0.00000000
   246,     4.50000000,      7.00000000,      0.00000000
   247,     4.50000000,      7.50000000,      0.00000000
   248,     4.50000000,      8.00000000,      0.00000000
   249,     4.50000000,      8.50000000,      0.00000000
   250,     4.50000000,      9.00000000,      0.00000000
   251,     4.50000000,      9.50000000,      0.00000000
   252,     5.00000000,      0.50000000,      0.00000000
   253,     5.00000000,      1.00000000,      0.00000000
   254,     5.00000000,      1.50000000,      0.00000000
   255,     5.00000000,      2.00000000,      0.00000000
   256,     5.00000000,      2.50000000,      0.00000000
   257,     5.00000000,      3.00000000,      0.00000000
   258,     5.00000000,      3.50000000,      0.00000000
   259,     5.00000000,      4.00000000,      0.00000000
   260,     5.00000000,      4.50000000,      0.00000000
   261,     5.00000000,      5.00000000,      0.00000000
   262,     5.00000000,      5.50000000,      0.00000000
   263,     5.00000000,      6.00000000,      0.00000000
   264,     5.00000000,      6.50000000,      0.00000000
   265,     5.00000000,      7.00000000,      0.00000000
   266,     5.00000000,      7.50000000,      0.00000000
   267,     5.00000000,      8.00000000,      0.00000000
   268,     5.00000000,      8.50000000,      0.00000000
   269,     5.00000000,      9.00000000,      0.00000000
   270,     5.00000000,      9.50000000,      0.00000000
   271,     5.50000000,      0.50000000,      0.00000000
   272,     5.50000000,      1.00000000,      0.00000000
   273,     5.50000000,      1.50000000,      0.00000000
   274,     5.50000000,      2.00000000,      0.00000000
   275,     5.50000000,      2.50000000,      0.00000000
   276,     5.50000000,      3.00000000,      0.00000000
   277,     5.50000000,      3.50000000,      0.00000000
   278,     5.50000000,      4.00000000,      0.00000000
   279,     5.50000000,      4.50000000,      0.00000000
   280,     5.50000000,      5.00000000,      0.00000000
   281,     5.50000000,      5.50000000,      0.00000000
   282,     5.50000000,      6.00000000,      0.00000000
   283,     5.50000000,      6.50000000,      0.00000000
   284,     5.50000000,      7.00000000,      0.00000000
   285,     5.50000000,      7.50000000,      0.00000000
   286,     5.50000000,      8.00000000,      0.00000000
   287,     5.50000000,      8.50000000,      0.00000000
   288,     5.50000000,      9.00000000,      0.00000000
   289,     5.50000000,      9.50000000,      0.00000000
   290,     6.00000000,      0.50000000,      0.00000000
   291,     6.00000000,      1.00000000,      0.00000000
   292,     6.00000000,      1.50000000,      0.00000000
   293,     6.00000000,      2.00000000,      0.00000000
   294,     6.00000000,      2.50000000,      0.00000000
   295,     6.00000000,      3.00000000,      0.00000000
   296,     6.00000000,      3.50000000,      0.00000000
   297,     6.00000000,      4.00000000,      0.00000000
   298,     6.00000000,      4.50000000,      0.00000000
   299,     6.00000000,      5.00000000,      0.00000000
   300,     6.00000000,      5.50000000,      0.00000000
   301,     6.00000000,      6.00000000,      0.00000000
   302,     6.00000000,      6.50000000,      0.00000000
   303,     6.00000000,      7.00000000,      0.00000000
   304,     6.00000000,      7.50000000,      0.00000000
   305,     6.00000000,      8.00000000,      0.00000000
   306,     6.00000000,      8.50000000,      0.00000000
   307,     6.00000000,      9.00000000,      0.00000000
   308,     6.00000000,      9.50000000,      0.00000000
   309,     6.50000000,      0.50000000,      0.00000000
   310,     6.50000000,      1.00000000,      0.00000000
   311,     6.50000000,      1.50000000,      0.00000000
   312,     6.50000000,      2.00000000,      0.00000000
   313,     6.50000000,      2.50000000,      0.00000000
   314,     6.50000000,      3.00000000,      0.00000000
   315,     6.50000000,      3.50000000,      0.00000000
   316,     6.50000000,      4.00000000,      0.00000000
   317,     6.50000000,      4.50000000,      0.00000000
   318,     6.50000000,      5.00000000,      0.00000000
   319,     6.50000000,      5.50000000,      0.00000000
   320,     6.50000000,      6.00000000,      0.00000000
   321,     6.50000000,      6.50000000,      0.00000000
   322,     6.50000000,      7.00000000,      0.00000000
   323,     6.50000000,      7.50000000,      0.00000000
   324,     6.50000000,      8.00000000,      0.00000000
   325,     6.50000000,      8.50000000,      0.00000000
   326,     6.50000000,      9.00000000,      0.00000000
   327,     6.50000000,      9.50000000,      0.00000000
   328,     7.00000000,      0.50000000,      0.00000000
   329,     7.00000000,      1.00000000,      0.00000000
   330,     7.00000000,      1.50000000,      0.00000000
   331,     7.00000000,      2.00000000,      0.00000000
   332,     7.00000000,      2.50000000,      0.00000000
   333,     7.00000000,      3.00000000,      0.00000000
   334,     7.00000000,      3.50000000,      0.00000000
   335,     7.00000000,      4.00000000,      0.00000000
   336,     7.00000000,      4.50000000,      0.00000000
   337,     7.00000000,      5.00000000,      0.00000000
   338,     7.00000000,      5.50000000,      0.00000000
   339,     7.00000000,      6.00000000,      0.00000000
   340,     7.00000000,      6.50000000,      0.00000000
   341,     7.00000000,      7.00000000,      0.00000000
   342,     7.00000000,      7.50000000,      0.00000000
   343,     7.00000000,      8.00000000,      0.00000000
   344,     7.00000000,      8.50000000,      0.00000000
   345,     7.00000000,      9.00000000,      0.00000000
   346,     7.00000000,      9.50000000,      0.00000000
   347,     7.50000000,      0.50000000,      0.00000000
   348,     7.50000000,      1.00000000,      0.00000000
   349,     7.50000000,      1.50000000,      0.00000000
   350,     7.50000000,      2.00000000,      0.00000000
   351,     7.50000000,      2.50000000,      0.00000000
   352,     7.50000000,      3.00000000,      0.00000000
   353,     7.50000000,      3.50000000,      0.00000000
   354,     7.50000000,      4.00000000,      0.00000000
   355,     7.50000000,      4.50000000,      0.00000000
   356,     7.50000000,      5.00000000,      0.00000000
   357,     7.50000000,      5.50000000,      0.00000000
   358,     7.50000000,      6.00000000,      0.00000000
   359,     7.50000000,      6.50000000,      0.00000000
   360,     7.50000000,      7.00000000,      0.00000000
   361,     7.50000000,      7.50000000,      0.00000000
   362,     7.50000000,      8.00000000,      0.00000000
   363,     7.50000000,      8.50000000,      0.00000000
   364,     7.50000000,      9.00000000,      0.00000000
   365,     7.50000000,      9.50000000,      0.00000000
   366,     8.00000000,      0.50000000,      0.00000000
   367,     8.00000000,      1.00000000,      0.00000000
   368,     8.00000000,      1.50000000,      0.00000000
   369,     8.00000000,      2.00000000,      0.00000000
   370,     8.00000000,      2.50000000,      0.00000000
   371,     8.00000000,      3.00000000,      0.00000000
   372,     8.00000000,      3.50000000,      0.00000000
   373,     8.00000000,      4.00000000,      0.00000000
   374,     8.00000000,      4.50000000,      0.00000000
   375,     8.00000000,      5.00000000,      0.00000000
   376,     8.00000000,      5.50000000,      0.00000000
   377,     8.00000000,      6.00000000,      0.00000000
   378,     8.00000000,      6.50000000,      0.00000000
   379,     8.00000000,      7.00000000,      0.00000000
   380,     8.00000000,      7.50000000,      0.00000000
   381,     8.00000000,      8.00000000,      0.00000000
   382,     8.00000000,      8.50000000,      0.00000000
   383,     8.00000000,      9.00000000,      0.00000000
   384,     8.00000000,      9.50000000,      0.00000000
   385,     8.50000000,      0.50000000,      0.00000000
   386,     8.50000000,      1.00000000,      0.00000000
   387,     8.50000000,      1.50000000,      0.00000000
   388,     8.50000000,      2.00000000,      0.00000000
   389,     8.50000000,      2.50000000,      0.00000000
   390,     8.50000000,      3.00000000,      0.00000000
   391,     8.50000000,      3.50000000,      0.00000000
   392,     8.50000000,      4.00000000,      0.00000000
   393,     8.50000000,      4.50000000,      0.00000000
   394,     8.50000000,      5.00000000,      0.00000000
   395,     8.50000000,      5.50000000,      0.00000000
   396,     8.50000000,      6.00000000,      0.00000000
   397,     8.50000000,      6.50000000,      0.00000000
   398,     8.50000000,      7.00000000,      0.00000000
   399,     8.50000000,      7.50000000,      0.00000000
   400,     8.50000000,      8.00000000,      0.00000000
   401,     8.50000000,      8.50000000,      0.00000000
   402,     8.50000000,      9.00000000,      0.00000000
   403,     8.50000000,      9.50000000,      0.00000000
   404,     9.00000000,      0.50000000,      0.00000000
   405,     9.00000000,      1.00000000,      0.00000000
   406,     9.00000000,      1.50000000,      0.00000000
   407,     9.00000000,      2.00000000,      0.00000000
   408,     9.00000000,      2.50000000,      0.00000000
   409,     9.00000000,      3.00000000,      0.00000000
   410,     9.00000000,      3.50000000,      0.00000000
   411,     9.00000000,      4.00000000,      0.00000000
   412,     9.00000000,      4.50000000,      0.00000000
   413,     9.00000000,      5.00000000,      0.00000000
   414,     9.00000000,      5.50000000,      0.00000000
   415,     9.00000000,      6.00000000,      0.00000000
   416,     9.00000000,      6.50000000,      0.00000000
   417,     9.00000000,      7.00000000,      0.00000000
   418,     9.00000000,      7.50000000,      0.00000000
   419,     9.00000000,      8.00000000,      0.00000000
   420,     9.00000000,      8.50000000,      0.00000000
   421,     9.00000000,      9.00000000,      0.00000000
   422,     9.00000000,      9.50000000,      0.00000000
   423,     9.50000000,      0.50000000,      0.00000000
   424,     9.50000000,      1.00000000,      0.00000000
   425,     9.50000000,      1.50000000,      0.00000000
   426,     9.50000000,      2.00000000,      0.00000000
   427,     9.50000000,      2.50000000,      0.00000000
   428,     9.50000000,      3.00000000,      0.00000000
   429,     9.50000000,      3.50000000,      0.00000000
   430,     9.50000000,      4.00000000,      0.00000000
   431,     9.50000000,      4.50000000,      0.00000000
   432,     9.50000000,      5.00000000,      0.00000000
   433,     9.50000000,      5.50000000,      0.00000000
   434,     9.50000000,      6.00000000,      0.00000000
   435,     9.50000000,      6.50000000,      0.00000000
   436,     9.50000000,      7.00000000,      0.00000000
   437,     9.50000000,      7.50000000,      0.00000000
   438,     9.50000000,      8.00000000,      0.00000000
   439,     9.50000000,      8.50000000,      0.00000000
   440,     9.50000000,      9.00000000,      0.00000000
   441,     9.50000000,      9.50000000,      0.00000000
         1,         1,          3,        80,         81 
         2,         3,          4,        81,        100 
         3,         4,          5,       100,        119 
         4,         5,          6,       119,        138 
         5,         6,          7,       138,        157 
         6,         7,          8,       157,        176 
         7,         8,          9,       176,        195 
         8,         9,         10,       195,        214 
         9,        10,         11,       214,        233 
        10,        11,         12,       233,        252 
        11,        12,         13,       252,        271 
        12,        13,         14,       271,        290 
        13,        14,         15,       290,        309 
        14,        15,         16,       309,        328 
        15,        16,         17,       328,        347 
        16,        17,         18,       347,        366 
        17,        18,         19,       366,        385 
        18,        19,         20,       385,        404 
        19,        20,         21,       404,        423 
        20,        21,          2,       423,         23 
        21,        80,         81,        79,         82 
        22,        81,        100,        82,        101 
        23,       100,        119,       101,        120 
        24,       119,        138,       120,        139 
        25,       138,        157,       139,        158 
        26,       157,        176,       158,        177 
        27,       176,        195,       177,        196 
        28,       195,        214,       196,        215 
        29,       214,        233,       215,        234 
        30,       233,        252,       234,        253 
        31,       252,        271,       253,        272 
        32,       271,        290,       272,        291 
        33,       290,        309,       291,        310 
        34,       309,        328,       310,        329 
        35,       328,        347,       329,        348 
        36,       347,        366,       348,        367 
        37,       366,        385,       367,        386 
        38,       385,        404,       386,        405 
        39,       404,        423,       405,        424 
        40,       423,         23,       424,         24 
        41,        79,         82,        78,         83 
        42,        82,        101,        83,        102 
        43,       101,        120,       102,        121 
        44,       120,        139,       121,        140 
        45,       139,        158,       140,        159 
        46,       158,        177,       159,        178 
        47,       177,        196,       178,        197 
        48,       196,        215,       197,        216 
        49,       215,        234,       216,        235 
        50,       234,        253,       235,        254 
        51,       253,        272,       254,        273 
        52,       272,        291,       273,        292 
        53,       291,        310,       292,        311 
        54,       310,        329,       311,        330 
        55,       329,        348,       330,        349 
        56,       348,        367,       349,        368 
        57,       367,        386,       368,        387 
        58,       386,        405,       387,        406 
        59,       405,        424,       406,        425 
        60,       424,         24,       425,         25 
        61,        78,         83,        77,         84 
        62,        83,        102,        84,        103 
        63,       102,        121,       103,        122 
        64,       121,        140,       122,        141 
        65,       140,        159,       141,        160 
        66,       159,        178,       160,        179 
        67,       178,        197,       179,        198 
        68,       197,        216,       198,        217 
        69,       216,        235,       217,        236 
        70,       235,        254,       236,        255 
        71,       254,        273,       255,        274 
        72,       273,        292,       274,        293 
        73,       292,        311,       293,        312 
        74,       311,        330,       312,        331 
        75,       330,        349,       331,        350 
        76,       349,        368,       350,        369 
        77,       368,        387,       369,        388 
        78,       387,        406,       388,        407 
        79,       406,        425,       407,        426 
        80,       425,         25,       426,         26 
        81,        77,         84,        76,         85 
        82,        84,        103,        85,        104 
        83,       103,        122,       104,        123 
        84,       122,        141,       123,        142 
        85,       141,        160,       142,        161 
        86,       160,        179,       161,        180 
        87,       179,        198,       180,        199 
        88,       198,        217,       199,        218 
        89,       217,        236,       218,        237 
        90,       236,        255,       237,        256 
        91,       255,        274,       256,        275 
        92,       274,        293,       275,        294 
        93,       293,        312,       294,        313 
        94,       312,        331,       313,        332 
        95,       331,        350,       332,        351 
        96,       350,        369,       351,        370 
        97,       369,        388,       370,        389 
        98,       388,        407,       389,        408 
        99,       407,        426,       408,        427 
       100,       426,         26,       427,         27 
       101,        76,         85,        75,         86 
       102,        85,        104,        86,        105 
       103,       104,        123,       105,        124 
       104,       123,        142,       124,        143 
       105,       142,        161,       143,        162 
       106,       161,        180,       162,        181 
       107,       180,        199,       181,        200 
       108,       199,        218,       200,        219 
       109,       218,        237,       219,        238 
       110,       237,        256,       238,        257 
       111,       256,        275,       257,        276 
       112,       275,        294,       276,        295 
       113,       294,        313,       295,        314 
       114,       313,        332,       314,        333 
       115,       332,        351,       333,        352 
       116,       351,        370,       352,        371 
       117,       370,        389,       371,        390 
       118,       389,        408,       390,        409 
       119,       408,        427,       409,        428 
       120,       427,         27,       428,         28 
       121,        75,         86,        74,         87 
       122,        86,        105,        87,        106 
       123,       105,        124,       106,        125 
       124,       124,        143,       125,        144 
       125,       143,        162,       144,        163 
       126,       162,        181,       163,        182 
       127,       181,        200,       182,        201 
       128,       200,        219,       201,        220 
       129,       219,        238,       220,        239 
       130,       238,        257,       239,        258 
       131,       257,        276,       258,        277 
       132,       276,        295,       277,        296 
       133,       295,        314,       296,        315 
       134,       314,        333,       315,        334 
       135,       333,        352,       334,        353 
       136,       352,        371,       353,        372 
       137,       371,        390,       372,        391 
       138,       390,        409,       391,        410 
       139,       409,        428,       410,        429 
       140,       428,         28,       429,         29 
       141,        74,         87,        73,         88 
       142,        87,        106,        88,        107 
       143,       106,        125,       107,        126 
       144,       125,        144,       126,        145 
       145,       144,        163,       145,        164 
       146,       163,        182,       164,        183 
       147,       182,        201,       183,        202 
       148,       201,        220,       202,        221 
       149,       220,        239,       221,        240 
       150,       239,        258,       240,        259 
       151,       258,        277,       259,        278 
       152,       277,        296,       278,        297 
       153,       296,        315,       297,        316 
       154,       315,        334,       316,        335 
       155,       334,        353,       335,        354 
       156,       353,        372,       354,        373 
       157,       372,        391,       373,        392 
       158,       391,        410,       392,        411 
       159,       410,        429,       411,        430 
       160,       429,         29,       430,         30 
       161,        73,         88,        72,         89 
       162,        88,        107,        89,        108 
       163,       107,        126,       108,        127 
       164,       126,        145,       127,        146 
       165,       145,        164,       146,        165 
       166,       164,        183,       165,        184 
       167,       183,        202,       184,        203 
       168,       202,        221,       203,        222 
       169,       221,        240,       222,        241 
       170,       240,        259,       241,        260 
       171,       259,        278,       260,        279 
       172,       278,        297,       279,        298 
       173,       297,        316,       298,        317 
       174,       316,        335,       317,        336 
       175,       335,        354,       336,        355 
       176,       354,        373,       355,        374 
       177,       373,        392,       374,        393 
       178,       392,        411,       393,        412 
       179,       411,        430,       412,        431 
       180,       430,         30,       431,         31 
       181,        72,         89,        71,         90 
       182,        89,        108,        90,        109 
       183,       108,        127,       109,        128 
       184,       127,        146,       128,        147 
       185,       146,        165,       147,        166 
       186,       165,        184,       166,        185 
       187,       184,        203,       185,        204 
       188,       203,        222,       204,        223 
       189,       222,        241,       223,        242 
       190,       241,        260,       242,        261 
       191,       260,        279,       261,        280 
       192,       279,        298,       280,        299 
       193,       298,        317,       299,        318 
       194,       317,        336,       318,        337 
       195,       336,        355,       337,        356 
       196,       355,        374,       356,        375 
       197,       374,        393,       375,        394 
       198,       393,        412,       394,        413 
       199,       412,        431,       413,        432 
       200,       431,         31,       432,         32 
       201,        71,         90,        70,         91 
       202,        90,        109,        91,        110 
       203,       109,        128,       110,        129 
       204,       128,        147,       129,        148 
       205,       147,        166,       148,        167 
       206,       166,        185,       167,        186 
       207,       185,        204,       186,        205 
       208,       204,        223,       205,        224 
       209,       223,        242,       224,        243 
       210,       242,        261,       243,        262 
       211,       261,        280,       262,        281 
       212,       280,        299,       281,        300 
       213,       299,        318,       300,        319 
       214,       318,        337,       319,        338 
       215,       337,        356,       338,        357 
       216,       356,        375,       357,        376 
       217,       375,        394,       376,        395 
       218,       394,        413,       395,        414 
       219,       413,        432,       414,        433 
       220,       432,         32,       433,         33 
       221,        70,         91,        69,         92 
       222,        91,        110,        92,        111 
       223,       110,        129,       111,        130 
       224,       129,        148,       130,        149 
       225,       148,        167,       149,        168 
       226,       167,        186,       168,        187 
       227,       186,        205,       187,        206 
       228,       205,        224,       206,        225 
       229,       224,        243,       225,        244 
       230,       243,        262,       244,        263 
       231,       262,        281,       263,        282 
       232,       281,        300,       282,        301 
       233,       300,        319,       301,        320 
       234,       319,        338,       320,        339 
       235,       338,        357,       339,        358 
       236,       357,        376,       358,        377 
       237,       376,        395,       377,        396 
       238,       395,        414,       396,        415 
       239,       414,        433,       415,        434 
       240,       433,         33,       434,         34 
       241,        69,         92,        68,         93 
       242,        92,        111,        93,        112 
       243,       111,        130,       112,        131 
       244,       130,        149,       131,        150 
       245,       149,        168,       150,        169 
       246,       168,        187,       169,        188 
       247,       187,        206,       188,        207 
       248,       206,        225,       207,        226 
       249,       225,        244,       226,        245 
       250,       244,        263,       245,        264 
       251,       263,        282,       264,        283 
       252,       282,        301,       283,        302 
       253,       301,        320,       302,        321 
       254,       320,        339,       321,        340 
       255,       339,        358,       340,        359 
       256,       358,        377,       359,        378 
       257,       377,        396,       378,        397 
       258,       396,        415,       397,        416 
       259,       415,        434,       416,        435 
       260,       434,         34,       435,         35 
       261,        68,         93,        67,         94 
       262,        93,        112,        94,        113 
       263,       112,        131,       113,        132 
       264,       131,        150,       132,        151 
       265,       150,        169,       151,        170 
       266,       169,        188,       170,        189 
       267,       188,        207,       189,        208 
       268,       207,        226,       208,        227 
       269,       226,        245,       227,        246 
       270,       245,        264,       246,        265 
       271,       264,        283,       265,        284 
       272,       283,        302,       284,        303 
       273,       302,        321,       303,        322 
       274,       321,        340,       322,        341 
       275,       340,        359,       341,        360 
       276,       359,        378,       360,        379 
       277,       378,        397,       379,        398 
       278,       397,        416,       398,        417 
       279,       416,        435,       417,        436 
       280,       435,         35,       436,         36 
       281,        67,         94,        66,         95 
       282,        94,        113,        95,        114 
       283,       113,        132,       114,        133 
       284,       132,        151,       133,        152 
       285,       151,        170,       152,        171 
       286,       170,        189,       171,        190 
       287,       189,        208,       190,        209 
       288,       208,        227,       209,        228 
       289,       227,        246,       228,        247 
       290,       246,        265,       247,        266 
       291,       265,        284,       266,        285 
       292,       284,        303,       285,        304 
       293,       303,        322,       304,        323 
       294,       322,        341,       323,        342 
       295,       341,        360,       342,        361 
       296,       360,        379,       361,        380 
       297,       379,        398,       380,        399 
       298,       398,        417,       399,        418 
       299,       417,        436,       418,        437 
       300,       436,         36,       437,         37 
       301,        66,         95,        65,         96 
       302,        95,        114,        96,        115 
       303,       114,        133,       115,        134 
       304,       133,        152,       134,        153 
       305,       152,        171,       153,        172 
       306,       171,        190,       172,        191 
       307,       190,        209,       191,        210 
       308,       209,        228,       210,        229 
       309,       228,        247,       229,        248 
       310,       247,        266,       248,        267 
       311,       266,        285,       267,        286 
       312,       285,        304,       286,        305 
       313,       304,        323,       305,        324 
       314,       323,        342,       324,        343 
       315,       342,        361,       343,        362 
       316,       361,        380,       362,        381 
       317,       380,        399,       381,        400 
       318,       399,        418,       400,        419 
       319,       418,        437,       419,        438 
       320,       437,         37,       438,         38 
       321,        65,         96,        64,         97 
       322,        96,        115,        97,        116 
       323,       115,        134,       116,        135 
       324,       134,        153,       135,        154 
       325,       153,        172,       154,        173 
       326,       172,        191,       173,        192 
       327,       191,        210,       192,        211 
       328,       210,        229,       211,        230 
       329,       229,        248,       230,        249 
       330,       248,        267,       249,        268 
       331,       267,        286,       268,        287 
       332,       286,        305,       287,        306 
       333,       305,        324,       306,        325 
       334,       324,        343,       325,        344 
       335,       343,        362,       344,        363 
       336,       362,        381,       363,        382 
       337,       381,        400,       382,        401 
       338,       400,        419,       401,        420 
       339,       419,        438,       420,        439 
       340,       438,         38,       439,         39 
       341,        64,         97,        63,         98 
       342,        97,        116,        98,        117 
       343,       116,        135,       117,        136 
       344,       135,        154,       136,        155 
       345,       154,        173,       155,        174 
       346,       173,        192,       174,        193 
       347,       192,        211,       193,        212 
       348,       211,        230,       212,        231 
       349,       230,        249,       231,        250 
       350,       249,        268,       250,        269 
       351,       268,        287,       269,        288 
       352,       287,        306,       288,        307 
       353,       306,        325,       307,        326 
       354,       325,        344,       326,        345 
       355,       344,        363,       345,        364 
       356,       363,        382,       364,        383 
       357,       382,        401,       383,        402 
       358,       401,        420,       402,        421 
       359,       420,        439,       421,        440 
       360,       439,         39,       440,         40 
       361,        63,         98,        62,         99 
       362,        98,        117,        99,        118 
       363,       117,        136,       118,        137 
       364,       136,        155,       137,        156 
       365,       155,        174,       156,        175 
       366,       174,        193,       175,        194 
       367,       193,        212,       194,        213 
       368,       212,        231,       213,        232 
       369,       231,        250,       232,        251 
       370,       250,        269,       251,        270 
       371,       269,        288,       270,        289 
       372,       288,        307,       289,        308 
       373,       307,        326,       308,        327 
       374,       326,        345,       327,        346 
       375,       345,        364,       346,        365 
       376,       364,        383,       365,        384 
       377,       383,        402,       384,        403 
       378,       402,        421,       403,        422 
       379,       421,        440,       422,        441 
       380,       440,         40,       441,         41 
       381,        62,         99,        42,         61 
       382,        99,        118,        61,         60 
       383,       118,        137,        60,         59 
       384,       137,        156,        59,         58 
       385,       156,        175,        58,         57 
       386,       175,        194,        57,         56 
       387,       194,        213,        56,         55 
       388,       213,        232,        55,         54 
       389,       232,        251,        54,         53 
       390,       251,        270,        53,         52 
       391,       270,        289,        52,         51 
       392,       289,        308,        51,         50 
       393,       308,        327,        50,         49 
       394,       327,        346,        49,         48 
       395,       346,        365,        48,         47 
       396,       365,        384,        47,         46 
       397,       384,        403,        46,         45 
       398,       403,        422,        45,         44 
       399,       422,        441,        44,         43 
       400,       441,         41,        43,         22 
