#number_of_mesh_dimensions
3
#number_of_mesh_components
2
#number_of_nodes
4497
#number_of_elements
480
#number_of_bases
2

#mesh_component
1
#basis_order
2
#elements
2  645  2  646  647  648  6  649  10  650  651  652  653  654  655  656  657  658  3  659  3  660  661  662  7  663  11  
3  659  3  660  661  662  7  663  11  664  665  666  667  668  669  670  671  672  4  673  4  674  675  676  8  677  12  
1  678  1  679  680  681  5  682  9  683  684  685  686  687  688  689  690  691  2  645  2  646  647  648  6  649  10  
6  649  10  692  693  694  70  695  74  656  657  658  696  697  698  699  700  701  7  663  11  702  703  704  71  705  75  
7  663  11  702  703  704  71  705  75  670  671  672  706  707  708  709  710  711  8  677  12  712  713  714  72  715  76  
5  682  9  716  717  718  69  719  73  689  690  691  720  721  722  723  724  725  6  649  10  692  693  694  70  695  74  
70  695  74  726  727  728  134  729  138  699  700  701  730  731  732  733  734  735  71  705  75  736  737  738  135  739  139  
71  705  75  736  737  738  135  739  139  709  710  711  740  741  742  743  744  745  72  715  76  746  747  748  136  749  140  
69  719  73  750  751  752  133  753  137  723  724  725  754  755  756  757  758  759  70  695  74  726  727  728  134  729  138  
134  729  138  760  761  762  198  763  202  733  734  735  764  765  766  767  768  769  135  739  139  770  771  772  199  773  203  
135  739  139  770  771  772  199  773  203  743  744  745  774  775  776  777  778  779  136  749  140  780  781  782  200  783  204  
133  753  137  784  785  786  197  787  201  757  758  759  788  789  790  791  792  793  134  729  138  760  761  762  198  763  202  
198  763  202  794  795  796  262  797  266  767  768  769  798  799  800  801  802  803  199  773  203  804  805  806  263  807  267  
199  773  203  804  805  806  263  807  267  777  778  779  808  809  810  811  812  813  200  783  204  814  815  816  264  817  268  
197  787  201  818  819  820  261  821  265  791  792  793  822  823  824  825  826  827  198  763  202  794  795  796  262  797  266  
262  797  266  828  829  830  326  831  330  801  802  803  832  833  834  835  836  837  263  807  267  838  839  840  327  841  331  
263  807  267  838  839  840  327  841  331  811  812  813  842  843  844  845  846  847  264  817  268  848  849  850  328  851  332  
261  821  265  852  853  854  325  855  329  825  826  827  856  857  858  859  860  861  262  797  266  828  829  830  326  831  330  
326  831  330  862  863  864  390  865  394  835  836  837  866  867  868  869  870  871  327  841  331  872  873  874  391  875  395  
327  841  331  872  873  874  391  875  395  845  846  847  876  877  878  879  880  881  328  851  332  882  883  884  392  885  396  
325  855  329  886  887  888  389  889  393  859  860  861  890  891  892  893  894  895  326  831  330  862  863  864  390  865  394  
390  865  394  896  897  898  454  899  458  869  870  871  900  901  902  903  904  905  391  875  395  906  907  908  455  909  459  
391  875  395  906  907  908  455  909  459  879  880  881  910  911  912  913  914  915  392  885  396  916  917  918  456  919  460  
389  889  393  920  921  922  453  923  457  893  894  895  924  925  926  927  928  929  390  865  394  896  897  898  454  899  458  
454  899  458  930  931  932  518  933  522  903  904  905  934  935  936  937  938  939  455  909  459  940  941  942  519  943  523  
455  909  459  940  941  942  519  943  523  913  914  915  944  945  946  947  948  949  456  919  460  950  951  952  520  953  524  
453  923  457  954  955  956  517  957  521  927  928  929  958  959  960  961  962  963  454  899  458  930  931  932  518  933  522  
518  933  522  964  965  966  582  967  586  937  938  939  968  969  970  971  972  973  519  943  523  974  975  976  583  977  587  
519  943  523  974  975  976  583  977  587  947  948  949  978  979  980  981  982  983  520  953  524  984  985  986  584  987  588  
517  957  521  988  989  990  581  991  585  961  962  963  992  993  994  995  996  997  518  933  522  964  965  966  582  967  586  
2  649  2  648  998  999  10  1000  14  652  657  658  655  1001  1002  658  1003  1004  3  663  3  662  1005  1006  11  1007  15  
3  663  3  662  1005  1006  11  1007  15  666  671  672  669  1008  1009  672  1010  1011  4  677  4  676  1012  1013  12  1014  16  
1  682  1  681  1015  1016  9  1017  13  685  690  691  688  1018  1019  691  1020  1021  2  649  2  648  998  999  10  1000  14  
10  1000  14  694  1022  1023  74  1024  78  658  1003  1004  698  1025  1026  701  1027  1028  11  1007  15  704  1029  1030  75  1031  79  
11  1007  15  704  1029  1030  75  1031  79  672  1010  1011  708  1032  1033  711  1034  1035  12  1014  16  714  1036  1037  76  1038  80  
9  1017  13  718  1039  1040  73  1041  77  691  1020  1021  722  1042  1043  725  1044  1045  10  1000  14  694  1022  1023  74  1024  78  
74  1024  78  728  1046  1047  138  1048  142  701  1027  1028  732  1049  1050  735  1051  1052  75  1031  79  738  1053  1054  139  1055  143  
75  1031  79  738  1053  1054  139  1055  143  711  1034  1035  742  1056  1057  745  1058  1059  76  1038  80  748  1060  1061  140  1062  144  
73  1041  77  752  1063  1064  137  1065  141  725  1044  1045  756  1066  1067  759  1068  1069  74  1024  78  728  1046  1047  138  1048  142  
138  1048  142  762  1070  1071  202  1072  206  735  1051  1052  766  1073  1074  769  1075  1076  139  1055  143  772  1077  1078  203  1079  207  
139  1055  143  772  1077  1078  203  1079  207  745  1058  1059  776  1080  1081  779  1082  1083  140  1062  144  782  1084  1085  204  1086  208  
137  1065  141  786  1087  1088  201  1089  205  759  1068  1069  790  1090  1091  793  1092  1093  138  1048  142  762  1070  1071  202  1072  206  
202  1072  206  796  1094  1095  266  1096  270  769  1075  1076  800  1097  1098  803  1099  1100  203  1079  207  806  1101  1102  267  1103  271  
203  1079  207  806  1101  1102  267  1103  271  779  1082  1083  810  1104  1105  813  1106  1107  204  1086  208  816  1108  1109  268  1110  272  
201  1089  205  820  1111  1112  265  1113  269  793  1092  1093  824  1114  1115  827  1116  1117  202  1072  206  796  1094  1095  266  1096  270  
266  1096  270  830  1118  1119  330  1120  334  803  1099  1100  834  1121  1122  837  1123  1124  267  1103  271  840  1125  1126  331  1127  335  
267  1103  271  840  1125  1126  331  1127  335  813  1106  1107  844  1128  1129  847  1130  1131  268  1110  272  850  1132  1133  332  1134  336  
265  1113  269  854  1135  1136  329  1137  333  827  1116  1117  858  1138  1139  861  1140  1141  266  1096  270  830  1118  1119  330  1120  334  
330  1120  334  864  1142  1143  394  1144  398  837  1123  1124  868  1145  1146  871  1147  1148  331  1127  335  874  1149  1150  395  1151  399  
331  1127  335  874  1149  1150  395  1151  399  847  1130  1131  878  1152  1153  881  1154  1155  332  1134  336  884  1156  1157  396  1158  400  
329  1137  333  888  1159  1160  393  1161  397  861  1140  1141  892  1162  1163  895  1164  1165  330  1120  334  864  1142  1143  394  1144  398  
394  1144  398  898  1166  1167  458  1168  462  871  1147  1148  902  1169  1170  905  1171  1172  395  1151  399  908  1173  1174  459  1175  463  
395  1151  399  908  1173  1174  459  1175  463  881  1154  1155  912  1176  1177  915  1178  1179  396  1158  400  918  1180  1181  460  1182  464  
393  1161  397  922  1183  1184  457  1185  461  895  1164  1165  926  1186  1187  929  1188  1189  394  1144  398  898  1166  1167  458  1168  462  
458  1168  462  932  1190  1191  522  1192  526  905  1171  1172  936  1193  1194  939  1195  1196  459  1175  463  942  1197  1198  523  1199  527  
459  1175  463  942  1197  1198  523  1199  527  915  1178  1179  946  1200  1201  949  1202  1203  460  1182  464  952  1204  1205  524  1206  528  
457  1185  461  956  1207  1208  521  1209  525  929  1188  1189  960  1210  1211  963  1212  1213  458  1168  462  932  1190  1191  522  1192  526  
522  1192  526  966  1214  1215  586  1216  590  939  1195  1196  970  1217  1218  973  1219  1220  523  1199  527  976  1221  1222  587  1223  591  
523  1199  527  976  1221  1222  587  1223  591  949  1202  1203  980  1224  1225  983  1226  1227  524  1206  528  986  1228  1229  588  1230  592  
521  1209  525  990  1231  1232  585  1233  589  963  1212  1213  994  1234  1235  997  1236  1237  522  1192  526  966  1214  1215  586  1216  590  
2  649  2  999  1238  1239  14  1240  18  656  657  658  1002  1241  1242  1004  1243  1244  3  663  3  1006  1245  1246  15  1247  19  
3  663  3  1006  1245  1246  15  1247  19  670  671  672  1009  1248  1249  1011  1250  1251  4  677  4  1013  1252  1253  16  1254  20  
1  682  1  1016  1255  1256  13  1257  17  689  690  691  1019  1258  1259  1021  1260  1261  2  649  2  999  1238  1239  14  1240  18  
14  1240  18  1023  1262  1263  78  1264  82  1004  1243  1244  1026  1265  1266  1028  1267  1268  15  1247  19  1030  1269  1270  79  1271  83  
15  1247  19  1030  1269  1270  79  1271  83  1011  1250  1251  1033  1272  1273  1035  1274  1275  16  1254  20  1037  1276  1277  80  1278  84  
13  1257  17  1040  1279  1280  77  1281  81  1021  1260  1261  1043  1282  1283  1045  1284  1285  14  1240  18  1023  1262  1263  78  1264  82  
78  1264  82  1047  1286  1287  142  1288  146  1028  1267  1268  1050  1289  1290  1052  1291  1292  79  1271  83  1054  1293  1294  143  1295  147  
79  1271  83  1054  1293  1294  143  1295  147  1035  1274  1275  1057  1296  1297  1059  1298  1299  80  1278  84  1061  1300  1301  144  1302  148  
77  1281  81  1064  1303  1304  141  1305  145  1045  1284  1285  1067  1306  1307  1069  1308  1309  78  1264  82  1047  1286  1287  142  1288  146  
142  1288  146  1071  1310  1311  206  1312  210  1052  1291  1292  1074  1313  1314  1076  1315  1316  143  1295  147  1078  1317  1318  207  1319  211  
143  1295  147  1078  1317  1318  207  1319  211  1059  1298  1299  1081  1320  1321  1083  1322  1323  144  1302  148  1085  1324  1325  208  1326  212  
141  1305  145  1088  1327  1328  205  1329  209  1069  1308  1309  1091  1330  1331  1093  1332  1333  142  1288  146  1071  1310  1311  206  1312  210  
206  1312  210  1095  1334  1335  270  1336  274  1076  1315  1316  1098  1337  1338  1100  1339  1340  207  1319  211  1102  1341  1342  271  1343  275  
207  1319  211  1102  1341  1342  271  1343  275  1083  1322  1323  1105  1344  1345  1107  1346  1347  208  1326  212  1109  1348  1349  272  1350  276  
205  1329  209  1112  1351  1352  269  1353  273  1093  1332  1333  1115  1354  1355  1117  1356  1357  206  1312  210  1095  1334  1335  270  1336  274  
270  1336  274  1119  1358  1359  334  1360  338  1100  1339  1340  1122  1361  1362  1124  1363  1364  271  1343  275  1126  1365  1366  335  1367  339  
271  1343  275  1126  1365  1366  335  1367  339  1107  1346  1347  1129  1368  1369  1131  1370  1371  272  1350  276  1133  1372  1373  336  1374  340  
269  1353  273  1136  1375  1376  333  1377  337  1117  1356  1357  1139  1378  1379  1141  1380  1381  270  1336  274  1119  1358  1359  334  1360  338  
334  1360  338  1143  1382  1383  398  1384  402  1124  1363  1364  1146  1385  1386  1148  1387  1388  335  1367  339  1150  1389  1390  399  1391  403  
335  1367  339  1150  1389  1390  399  1391  403  1131  1370  1371  1153  1392  1393  1155  1394  1395  336  1374  340  1157  1396  1397  400  1398  404  
333  1377  337  1160  1399  1400  397  1401  401  1141  1380  1381  1163  1402  1403  1165  1404  1405  334  1360  338  1143  1382  1383  398  1384  402  
398  1384  402  1167  1406  1407  462  1408  466  1148  1387  1388  1170  1409  1410  1172  1411  1412  399  1391  403  1174  1413  1414  463  1415  467  
399  1391  403  1174  1413  1414  463  1415  467  1155  1394  1395  1177  1416  1417  1179  1418  1419  400  1398  404  1181  1420  1421  464  1422  468  
397  1401  401  1184  1423  1424  461  1425  465  1165  1404  1405  1187  1426  1427  1189  1428  1429  398  1384  402  1167  1406  1407  462  1408  466  
462  1408  466  1191  1430  1431  526  1432  530  1172  1411  1412  1194  1433  1434  1196  1435  1436  463  1415  467  1198  1437  1438  527  1439  531  
463  1415  467  1198  1437  1438  527  1439  531  1179  1418  1419  1201  1440  1441  1203  1442  1443  464  1422  468  1205  1444  1445  528  1446  532  
461  1425  465  1208  1447  1448  525  1449  529  1189  1428  1429  1211  1450  1451  1213  1452  1453  462  1408  466  1191  1430  1431  526  1432  530  
526  1432  530  1215  1454  1455  590  1456  594  1196  1435  1436  1218  1457  1458  1220  1459  1460  527  1439  531  1222  1461  1462  591  1463  595  
527  1439  531  1222  1461  1462  591  1463  595  1203  1442  1443  1225  1464  1465  1227  1466  1467  528  1446  532  1229  1468  1469  592  1470  596  
525  1449  529  1232  1471  1472  589  1473  593  1213  1452  1453  1235  1474  1475  1237  1476  1477  526  1432  530  1215  1454  1455  590  1456  594  
2  649  2  1239  1478  1479  18  1480  22  656  657  658  1242  1481  1482  1244  1483  1484  3  663  3  1246  1485  1486  19  1487  23  
3  663  3  1246  1485  1486  19  1487  23  670  671  672  1249  1488  1489  1251  1490  1491  4  677  4  1253  1492  1493  20  1494  24  
1  682  1  1256  1495  1496  17  1497  21  689  690  691  1259  1498  1499  1261  1500  1501  2  649  2  1239  1478  1479  18  1480  22  
18  1480  22  1263  1502  1503  82  1504  86  1244  1483  1484  1266  1505  1506  1268  1507  1508  19  1487  23  1270  1509  1510  83  1511  87  
19  1487  23  1270  1509  1510  83  1511  87  1251  1490  1491  1273  1512  1513  1275  1514  1515  20  1494  24  1277  1516  1517  84  1518  88  
17  1497  21  1280  1519  1520  81  1521  85  1261  1500  1501  1283  1522  1523  1285  1524  1525  18  1480  22  1263  1502  1503  82  1504  86  
82  1504  86  1287  1526  1527  146  1528  150  1268  1507  1508  1290  1529  1530  1292  1531  1532  83  1511  87  1294  1533  1534  147  1535  151  
83  1511  87  1294  1533  1534  147  1535  151  1275  1514  1515  1297  1536  1537  1299  1538  1539  84  1518  88  1301  1540  1541  148  1542  152  
81  1521  85  1304  1543  1544  145  1545  149  1285  1524  1525  1307  1546  1547  1309  1548  1549  82  1504  86  1287  1526  1527  146  1528  150  
146  1528  150  1311  1550  1551  210  1552  214  1292  1531  1532  1314  1553  1554  1316  1555  1556  147  1535  151  1318  1557  1558  211  1559  215  
147  1535  151  1318  1557  1558  211  1559  215  1299  1538  1539  1321  1560  1561  1323  1562  1563  148  1542  152  1325  1564  1565  212  1566  216  
145  1545  149  1328  1567  1568  209  1569  213  1309  1548  1549  1331  1570  1571  1333  1572  1573  146  1528  150  1311  1550  1551  210  1552  214  
210  1552  214  1335  1574  1575  274  1576  278  1316  1555  1556  1338  1577  1578  1340  1579  1580  211  1559  215  1342  1581  1582  275  1583  279  
211  1559  215  1342  1581  1582  275  1583  279  1323  1562  1563  1345  1584  1585  1347  1586  1587  212  1566  216  1349  1588  1589  276  1590  280  
209  1569  213  1352  1591  1592  273  1593  277  1333  1572  1573  1355  1594  1595  1357  1596  1597  210  1552  214  1335  1574  1575  274  1576  278  
274  1576  278  1359  1598  1599  338  1600  342  1340  1579  1580  1362  1601  1602  1364  1603  1604  275  1583  279  1366  1605  1606  339  1607  343  
275  1583  279  1366  1605  1606  339  1607  343  1347  1586  1587  1369  1608  1609  1371  1610  1611  276  1590  280  1373  1612  1613  340  1614  344  
273  1593  277  1376  1615  1616  337  1617  341  1357  1596  1597  1379  1618  1619  1381  1620  1621  274  1576  278  1359  1598  1599  338  1600  342  
338  1600  342  1383  1622  1623  402  1624  406  1364  1603  1604  1386  1625  1626  1388  1627  1628  339  1607  343  1390  1629  1630  403  1631  407  
339  1607  343  1390  1629  1630  403  1631  407  1371  1610  1611  1393  1632  1633  1395  1634  1635  340  1614  344  1397  1636  1637  404  1638  408  
337  1617  341  1400  1639  1640  401  1641  405  1381  1620  1621  1403  1642  1643  1405  1644  1645  338  1600  342  1383  1622  1623  402  1624  406  
402  1624  406  1407  1646  1647  466  1648  470  1388  1627  1628  1410  1649  1650  1412  1651  1652  403  1631  407  1414  1653  1654  467  1655  471  
403  1631  407  1414  1653  1654  467  1655  471  1395  1634  1635  1417  1656  1657  1419  1658  1659  404  1638  408  1421  1660  1661  468  1662  472  
401  1641  405  1424  1663  1664  465  1665  469  1405  1644  1645  1427  1666  1667  1429  1668  1669  402  1624  406  1407  1646  1647  466  1648  470  
466  1648  470  1431  1670  1671  530  1672  534  1412  1651  1652  1434  1673  1674  1436  1675  1676  467  1655  471  1438  1677  1678  531  1679  535  
467  1655  471  1438  1677  1678  531  1679  535  1419  1658  1659  1441  1680  1681  1443  1682  1683  468  1662  472  1445  1684  1685  532  1686  536  
465  1665  469  1448  1687  1688  529  1689  533  1429  1668  1669  1451  1690  1691  1453  1692  1693  466  1648  470  1431  1670  1671  530  1672  534  
530  1672  534  1455  1694  1695  594  1696  598  1436  1675  1676  1458  1697  1698  1460  1699  1700  531  1679  535  1462  1701  1702  595  1703  599  
531  1679  535  1462  1701  1702  595  1703  599  1443  1682  1683  1465  1704  1705  1467  1706  1707  532  1686  536  1469  1708  1709  596  1710  600  
529  1689  533  1472  1711  1712  593  1713  597  1453  1692  1693  1475  1714  1715  1477  1716  1717  530  1672  534  1455  1694  1695  594  1696  598  
2  649  2  1479  1718  1719  22  1720  26  656  657  658  1482  1721  1722  1484  1723  1724  3  663  3  1486  1725  1726  23  1727  27  
3  663  3  1486  1725  1726  23  1727  27  670  671  672  1489  1728  1729  1491  1730  1731  4  677  4  1493  1732  1733  24  1734  28  
1  682  1  1496  1735  1736  21  1737  25  689  690  691  1499  1738  1739  1501  1740  1741  2  649  2  1479  1718  1719  22  1720  26  
22  1720  26  1503  1742  1743  86  1744  90  1484  1723  1724  1506  1745  1746  1508  1747  1748  23  1727  27  1510  1749  1750  87  1751  91  
23  1727  27  1510  1749  1750  87  1751  91  1491  1730  1731  1513  1752  1753  1515  1754  1755  24  1734  28  1517  1756  1757  88  1758  92  
21  1737  25  1520  1759  1760  85  1761  89  1501  1740  1741  1523  1762  1763  1525  1764  1765  22  1720  26  1503  1742  1743  86  1744  90  
86  1744  90  1527  1766  1767  150  1768  154  1508  1747  1748  1530  1769  1770  1532  1771  1772  87  1751  91  1534  1773  1774  151  1775  155  
87  1751  91  1534  1773  1774  151  1775  155  1515  1754  1755  1537  1776  1777  1539  1778  1779  88  1758  92  1541  1780  1781  152  1782  156  
85  1761  89  1544  1783  1784  149  1785  153  1525  1764  1765  1547  1786  1787  1549  1788  1789  86  1744  90  1527  1766  1767  150  1768  154  
150  1768  154  1551  1790  1791  214  1792  218  1532  1771  1772  1554  1793  1794  1556  1795  1796  151  1775  155  1558  1797  1798  215  1799  219  
151  1775  155  1558  1797  1798  215  1799  219  1539  1778  1779  1561  1800  1801  1563  1802  1803  152  1782  156  1565  1804  1805  216  1806  220  
149  1785  153  1568  1807  1808  213  1809  217  1549  1788  1789  1571  1810  1811  1573  1812  1813  150  1768  154  1551  1790  1791  214  1792  218  
214  1792  218  1575  1814  1815  278  1816  282  1556  1795  1796  1578  1817  1818  1580  1819  1820  215  1799  219  1582  1821  1822  279  1823  283  
215  1799  219  1582  1821  1822  279  1823  283  1563  1802  1803  1585  1824  1825  1587  1826  1827  216  1806  220  1589  1828  1829  280  1830  284  
213  1809  217  1592  1831  1832  277  1833  281  1573  1812  1813  1595  1834  1835  1597  1836  1837  214  1792  218  1575  1814  1815  278  1816  282  
278  1816  282  1599  1838  1839  342  1840  346  1580  1819  1820  1602  1841  1842  1604  1843  1844  279  1823  283  1606  1845  1846  343  1847  347  
279  1823  283  1606  1845  1846  343  1847  347  1587  1826  1827  1609  1848  1849  1611  1850  1851  280  1830  284  1613  1852  1853  344  1854  348  
277  1833  281  1616  1855  1856  341  1857  345  1597  1836  1837  1619  1858  1859  1621  1860  1861  278  1816  282  1599  1838  1839  342  1840  346  
342  1840  346  1623  1862  1863  406  1864  410  1604  1843  1844  1626  1865  1866  1628  1867  1868  343  1847  347  1630  1869  1870  407  1871  411  
343  1847  347  1630  1869  1870  407  1871  411  1611  1850  1851  1633  1872  1873  1635  1874  1875  344  1854  348  1637  1876  1877  408  1878  412  
341  1857  345  1640  1879  1880  405  1881  409  1621  1860  1861  1643  1882  1883  1645  1884  1885  342  1840  346  1623  1862  1863  406  1864  410  
406  1864  410  1647  1886  1887  470  1888  474  1628  1867  1868  1650  1889  1890  1652  1891  1892  407  1871  411  1654  1893  1894  471  1895  475  
407  1871  411  1654  1893  1894  471  1895  475  1635  1874  1875  1657  1896  1897  1659  1898  1899  408  1878  412  1661  1900  1901  472  1902  476  
405  1881  409  1664  1903  1904  469  1905  473  1645  1884  1885  1667  1906  1907  1669  1908  1909  406  1864  410  1647  1886  1887  470  1888  474  
470  1888  474  1671  1910  1911  534  1912  538  1652  1891  1892  1674  1913  1914  1676  1915  1916  471  1895  475  1678  1917  1918  535  1919  539  
471  1895  475  1678  1917  1918  535  1919  539  1659  1898  1899  1681  1920  1921  1683  1922  1923  472  1902  476  1685  1924  1925  536  1926  540  
469  1905  473  1688  1927  1928  533  1929  537  1669  1908  1909  1691  1930  1931  1693  1932  1933  470  1888  474  1671  1910  1911  534  1912  538  
534  1912  538  1695  1934  1935  598  1936  602  1676  1915  1916  1698  1937  1938  1700  1939  1940  535  1919  539  1702  1941  1942  599  1943  603  
535  1919  539  1702  1941  1942  599  1943  603  1683  1922  1923  1705  1944  1945  1707  1946  1947  536  1926  540  1709  1948  1949  600  1950  604  
533  1929  537  1712  1951  1952  597  1953  601  1693  1932  1933  1715  1954  1955  1717  1956  1957  534  1912  538  1695  1934  1935  598  1936  602  
2  649  2  1719  1958  1959  26  1960  30  656  657  658  1722  1961  1962  1724  1963  1964  3  663  3  1726  1965  1966  27  1967  31  
3  663  3  1726  1965  1966  27  1967  31  670  671  672  1729  1968  1969  1731  1970  1971  4  677  4  1733  1972  1973  28  1974  32  
1  682  1  1736  1975  1976  25  1977  29  689  690  691  1739  1978  1979  1741  1980  1981  2  649  2  1719  1958  1959  26  1960  30  
26  1960  30  1743  1982  1983  90  1984  94  1724  1963  1964  1746  1985  1986  1748  1987  1988  27  1967  31  1750  1989  1990  91  1991  95  
27  1967  31  1750  1989  1990  91  1991  95  1731  1970  1971  1753  1992  1993  1755  1994  1995  28  1974  32  1757  1996  1997  92  1998  96  
25  1977  29  1760  1999  2000  89  2001  93  1741  1980  1981  1763  2002  2003  1765  2004  2005  26  1960  30  1743  1982  1983  90  1984  94  
90  1984  94  1767  2006  2007  154  2008  158  1748  1987  1988  1770  2009  2010  1772  2011  2012  91  1991  95  1774  2013  2014  155  2015  159  
91  1991  95  1774  2013  2014  155  2015  159  1755  1994  1995  1777  2016  2017  1779  2018  2019  92  1998  96  1781  2020  2021  156  2022  160  
89  2001  93  1784  2023  2024  153  2025  157  1765  2004  2005  1787  2026  2027  1789  2028  2029  90  1984  94  1767  2006  2007  154  2008  158  
154  2008  158  1791  2030  2031  218  2032  222  1772  2011  2012  1794  2033  2034  1796  2035  2036  155  2015  159  1798  2037  2038  219  2039  223  
155  2015  159  1798  2037  2038  219  2039  223  1779  2018  2019  1801  2040  2041  1803  2042  2043  156  2022  160  1805  2044  2045  220  2046  224  
153  2025  157  1808  2047  2048  217  2049  221  1789  2028  2029  1811  2050  2051  1813  2052  2053  154  2008  158  1791  2030  2031  218  2032  222  
218  2032  222  1815  2054  2055  282  2056  286  1796  2035  2036  1818  2057  2058  1820  2059  2060  219  2039  223  1822  2061  2062  283  2063  287  
219  2039  223  1822  2061  2062  283  2063  287  1803  2042  2043  1825  2064  2065  1827  2066  2067  220  2046  224  1829  2068  2069  284  2070  288  
217  2049  221  1832  2071  2072  281  2073  285  1813  2052  2053  1835  2074  2075  1837  2076  2077  218  2032  222  1815  2054  2055  282  2056  286  
282  2056  286  1839  2078  2079  346  2080  350  1820  2059  2060  1842  2081  2082  1844  2083  2084  283  2063  287  1846  2085  2086  347  2087  351  
283  2063  287  1846  2085  2086  347  2087  351  1827  2066  2067  1849  2088  2089  1851  2090  2091  284  2070  288  1853  2092  2093  348  2094  352  
281  2073  285  1856  2095  2096  345  2097  349  1837  2076  2077  1859  2098  2099  1861  2100  2101  282  2056  286  1839  2078  2079  346  2080  350  
346  2080  350  1863  2102  2103  410  2104  414  1844  2083  2084  1866  2105  2106  1868  2107  2108  347  2087  351  1870  2109  2110  411  2111  415  
347  2087  351  1870  2109  2110  411  2111  415  1851  2090  2091  1873  2112  2113  1875  2114  2115  348  2094  352  1877  2116  2117  412  2118  416  
345  2097  349  1880  2119  2120  409  2121  413  1861  2100  2101  1883  2122  2123  1885  2124  2125  346  2080  350  1863  2102  2103  410  2104  414  
410  2104  414  1887  2126  2127  474  2128  478  1868  2107  2108  1890  2129  2130  1892  2131  2132  411  2111  415  1894  2133  2134  475  2135  479  
411  2111  415  1894  2133  2134  475  2135  479  1875  2114  2115  1897  2136  2137  1899  2138  2139  412  2118  416  1901  2140  2141  476  2142  480  
409  2121  413  1904  2143  2144  473  2145  477  1885  2124  2125  1907  2146  2147  1909  2148  2149  410  2104  414  1887  2126  2127  474  2128  478  
474  2128  478  1911  2150  2151  538  2152  542  1892  2131  2132  1914  2153  2154  1916  2155  2156  475  2135  479  1918  2157  2158  539  2159  543  
475  2135  479  1918  2157  2158  539  2159  543  1899  2138  2139  1921  2160  2161  1923  2162  2163  476  2142  480  1925  2164  2165  540  2166  544  
473  2145  477  1928  2167  2168  537  2169  541  1909  2148  2149  1931  2170  2171  1933  2172  2173  474  2128  478  1911  2150  2151  538  2152  542  
538  2152  542  1935  2174  2175  602  2176  606  1916  2155  2156  1938  2177  2178  1940  2179  2180  539  2159  543  1942  2181  2182  603  2183  607  
539  2159  543  1942  2181  2182  603  2183  607  1923  2162  2163  1945  2184  2185  1947  2186  2187  540  2166  544  1949  2188  2189  604  2190  608  
537  2169  541  1952  2191  2192  601  2193  605  1933  2172  2173  1955  2194  2195  1957  2196  2197  538  2152  542  1935  2174  2175  602  2176  606  
2  649  2  1959  2198  2199  30  2200  34  656  657  658  1962  2201  2202  1964  2203  2204  3  663  3  1966  2205  2206  31  2207  35  
3  663  3  1966  2205  2206  31  2207  35  670  671  672  1969  2208  2209  1971  2210  2211  4  677  4  1973  2212  2213  32  2214  36  
1  682  1  1976  2215  2216  29  2217  33  689  690  691  1979  2218  2219  1981  2220  2221  2  649  2  1959  2198  2199  30  2200  34  
30  2200  34  1983  2222  2223  94  2224  98  1964  2203  2204  1986  2225  2226  1988  2227  2228  31  2207  35  1990  2229  2230  95  2231  99  
31  2207  35  1990  2229  2230  95  2231  99  1971  2210  2211  1993  2232  2233  1995  2234  2235  32  2214  36  1997  2236  2237  96  2238  100  
29  2217  33  2000  2239  2240  93  2241  97  1981  2220  2221  2003  2242  2243  2005  2244  2245  30  2200  34  1983  2222  2223  94  2224  98  
94  2224  98  2007  2246  2247  158  2248  162  1988  2227  2228  2010  2249  2250  2012  2251  2252  95  2231  99  2014  2253  2254  159  2255  163  
95  2231  99  2014  2253  2254  159  2255  163  1995  2234  2235  2017  2256  2257  2019  2258  2259  96  2238  100  2021  2260  2261  160  2262  164  
93  2241  97  2024  2263  2264  157  2265  161  2005  2244  2245  2027  2266  2267  2029  2268  2269  94  2224  98  2007  2246  2247  158  2248  162  
158  2248  162  2031  2270  2271  222  2272  226  2012  2251  2252  2034  2273  2274  2036  2275  2276  159  2255  163  2038  2277  2278  223  2279  227  
159  2255  163  2038  2277  2278  223  2279  227  2019  2258  2259  2041  2280  2281  2043  2282  2283  160  2262  164  2045  2284  2285  224  2286  228  
157  2265  161  2048  2287  2288  221  2289  225  2029  2268  2269  2051  2290  2291  2053  2292  2293  158  2248  162  2031  2270  2271  222  2272  226  
222  2272  226  2055  2294  2295  286  2296  290  2036  2275  2276  2058  2297  2298  2060  2299  2300  223  2279  227  2062  2301  2302  287  2303  291  
223  2279  227  2062  2301  2302  287  2303  291  2043  2282  2283  2065  2304  2305  2067  2306  2307  224  2286  228  2069  2308  2309  288  2310  292  
221  2289  225  2072  2311  2312  285  2313  289  2053  2292  2293  2075  2314  2315  2077  2316  2317  222  2272  226  2055  2294  2295  286  2296  290  
286  2296  290  2079  2318  2319  350  2320  354  2060  2299  2300  2082  2321  2322  2084  2323  2324  287  2303  291  2086  2325  2326  351  2327  355  
287  2303  291  2086  2325  2326  351  2327  355  2067  2306  2307  2089  2328  2329  2091  2330  2331  288  2310  292  2093  2332  2333  352  2334  356  
285  2313  289  2096  2335  2336  349  2337  353  2077  2316  2317  2099  2338  2339  2101  2340  2341  286  2296  290  2079  2318  2319  350  2320  354  
350  2320  354  2103  2342  2343  414  2344  418  2084  2323  2324  2106  2345  2346  2108  2347  2348  351  2327  355  2110  2349  2350  415  2351  419  
351  2327  355  2110  2349  2350  415  2351  419  2091  2330  2331  2113  2352  2353  2115  2354  2355  352  2334  356  2117  2356  2357  416  2358  420  
349  2337  353  2120  2359  2360  413  2361  417  2101  2340  2341  2123  2362  2363  2125  2364  2365  350  2320  354  2103  2342  2343  414  2344  418  
414  2344  418  2127  2366  2367  478  2368  482  2108  2347  2348  2130  2369  2370  2132  2371  2372  415  2351  419  2134  2373  2374  479  2375  483  
415  2351  419  2134  2373  2374  479  2375  483  2115  2354  2355  2137  2376  2377  2139  2378  2379  416  2358  420  2141  2380  2381  480  2382  484  
413  2361  417  2144  2383  2384  477  2385  481  2125  2364  2365  2147  2386  2387  2149  2388  2389  414  2344  418  2127  2366  2367  478  2368  482  
478  2368  482  2151  2390  2391  542  2392  546  2132  2371  2372  2154  2393  2394  2156  2395  2396  479  2375  483  2158  2397  2398  543  2399  547  
479  2375  483  2158  2397  2398  543  2399  547  2139  2378  2379  2161  2400  2401  2163  2402  2403  480  2382  484  2165  2404  2405  544  2406  548  
477  2385  481  2168  2407  2408  541  2409  545  2149  2388  2389  2171  2410  2411  2173  2412  2413  478  2368  482  2151  2390  2391  542  2392  546  
542  2392  546  2175  2414  2415  606  2416  610  2156  2395  2396  2178  2417  2418  2180  2419  2420  543  2399  547  2182  2421  2422  607  2423  611  
543  2399  547  2182  2421  2422  607  2423  611  2163  2402  2403  2185  2424  2425  2187  2426  2427  544  2406  548  2189  2428  2429  608  2430  612  
541  2409  545  2192  2431  2432  605  2433  609  2173  2412  2413  2195  2434  2435  2197  2436  2437  542  2392  546  2175  2414  2415  606  2416  610  
2  649  2  2199  2438  2439  34  2440  38  656  657  658  2202  2441  2442  2204  2443  2444  3  663  3  2206  2445  2446  35  2447  39  
3  663  3  2206  2445  2446  35  2447  39  670  671  672  2209  2448  2449  2211  2450  2451  4  677  4  2213  2452  2453  36  2454  40  
1  682  1  2216  2455  2456  33  2457  37  689  690  691  2219  2458  2459  2221  2460  2461  2  649  2  2199  2438  2439  34  2440  38  
34  2440  38  2223  2462  2463  98  2464  102  2204  2443  2444  2226  2465  2466  2228  2467  2468  35  2447  39  2230  2469  2470  99  2471  103  
35  2447  39  2230  2469  2470  99  2471  103  2211  2450  2451  2233  2472  2473  2235  2474  2475  36  2454  40  2237  2476  2477  100  2478  104  
33  2457  37  2240  2479  2480  97  2481  101  2221  2460  2461  2243  2482  2483  2245  2484  2485  34  2440  38  2223  2462  2463  98  2464  102  
98  2464  102  2247  2486  2487  162  2488  166  2228  2467  2468  2250  2489  2490  2252  2491  2492  99  2471  103  2254  2493  2494  163  2495  167  
99  2471  103  2254  2493  2494  163  2495  167  2235  2474  2475  2257  2496  2497  2259  2498  2499  100  2478  104  2261  2500  2501  164  2502  168  
97  2481  101  2264  2503  2504  161  2505  165  2245  2484  2485  2267  2506  2507  2269  2508  2509  98  2464  102  2247  2486  2487  162  2488  166  
162  2488  166  2271  2510  2511  226  2512  230  2252  2491  2492  2274  2513  2514  2276  2515  2516  163  2495  167  2278  2517  2518  227  2519  231  
163  2495  167  2278  2517  2518  227  2519  231  2259  2498  2499  2281  2520  2521  2283  2522  2523  164  2502  168  2285  2524  2525  228  2526  232  
161  2505  165  2288  2527  2528  225  2529  229  2269  2508  2509  2291  2530  2531  2293  2532  2533  162  2488  166  2271  2510  2511  226  2512  230  
226  2512  230  2295  2534  2535  290  2536  294  2276  2515  2516  2298  2537  2538  2300  2539  2540  227  2519  231  2302  2541  2542  291  2543  295  
227  2519  231  2302  2541  2542  291  2543  295  2283  2522  2523  2305  2544  2545  2307  2546  2547  228  2526  232  2309  2548  2549  292  2550  296  
225  2529  229  2312  2551  2552  289  2553  293  2293  2532  2533  2315  2554  2555  2317  2556  2557  226  2512  230  2295  2534  2535  290  2536  294  
290  2536  294  2319  2558  2559  354  2560  358  2300  2539  2540  2322  2561  2562  2324  2563  2564  291  2543  295  2326  2565  2566  355  2567  359  
291  2543  295  2326  2565  2566  355  2567  359  2307  2546  2547  2329  2568  2569  2331  2570  2571  292  2550  296  2333  2572  2573  356  2574  360  
289  2553  293  2336  2575  2576  353  2577  357  2317  2556  2557  2339  2578  2579  2341  2580  2581  290  2536  294  2319  2558  2559  354  2560  358  
354  2560  358  2343  2582  2583  418  2584  422  2324  2563  2564  2346  2585  2586  2348  2587  2588  355  2567  359  2350  2589  2590  419  2591  423  
355  2567  359  2350  2589  2590  419  2591  423  2331  2570  2571  2353  2592  2593  2355  2594  2595  356  2574  360  2357  2596  2597  420  2598  424  
353  2577  357  2360  2599  2600  417  2601  421  2341  2580  2581  2363  2602  2603  2365  2604  2605  354  2560  358  2343  2582  2583  418  2584  422  
418  2584  422  2367  2606  2607  482  2608  486  2348  2587  2588  2370  2609  2610  2372  2611  2612  419  2591  423  2374  2613  2614  483  2615  487  
419  2591  423  2374  2613  2614  483  2615  487  2355  2594  2595  2377  2616  2617  2379  2618  2619  420  2598  424  2381  2620  2621  484  2622  488  
417  2601  421  2384  2623  2624  481  2625  485  2365  2604  2605  2387  2626  2627  2389  2628  2629  418  2584  422  2367  2606  2607  482  2608  486  
482  2608  486  2391  2630  2631  546  2632  550  2372  2611  2612  2394  2633  2634  2396  2635  2636  483  2615  487  2398  2637  2638  547  2639  551  
483  2615  487  2398  2637  2638  547  2639  551  2379  2618  2619  2401  2640  2641  2403  2642  2643  484  2622  488  2405  2644  2645  548  2646  552  
481  2625  485  2408  2647  2648  545  2649  549  2389  2628  2629  2411  2650  2651  2413  2652  2653  482  2608  486  2391  2630  2631  546  2632  550  
546  2632  550  2415  2654  2655  610  2656  614  2396  2635  2636  2418  2657  2658  2420  2659  2660  547  2639  551  2422  2661  2662  611  2663  615  
547  2639  551  2422  2661  2662  611  2663  615  2403  2642  2643  2425  2664  2665  2427  2666  2667  548  2646  552  2429  2668  2669  612  2670  616  
545  2649  549  2432  2671  2672  609  2673  613  2413  2652  2653  2435  2674  2675  2437  2676  2677  546  2632  550  2415  2654  2655  610  2656  614  
2  649  2  2439  2678  2679  38  2680  42  656  657  658  2442  2681  2682  2444  2683  2684  3  663  3  2446  2685  2686  39  2687  43  
3  663  3  2446  2685  2686  39  2687  43  670  671  672  2449  2688  2689  2451  2690  2691  4  677  4  2453  2692  2693  40  2694  44  
1  682  1  2456  2695  2696  37  2697  41  689  690  691  2459  2698  2699  2461  2700  2701  2  649  2  2439  2678  2679  38  2680  42  
38  2680  42  2463  2702  2703  102  2704  106  2444  2683  2684  2466  2705  2706  2468  2707  2708  39  2687  43  2470  2709  2710  103  2711  107  
39  2687  43  2470  2709  2710  103  2711  107  2451  2690  2691  2473  2712  2713  2475  2714  2715  40  2694  44  2477  2716  2717  104  2718  108  
37  2697  41  2480  2719  2720  101  2721  105  2461  2700  2701  2483  2722  2723  2485  2724  2725  38  2680  42  2463  2702  2703  102  2704  106  
102  2704  106  2487  2726  2727  166  2728  170  2468  2707  2708  2490  2729  2730  2492  2731  2732  103  2711  107  2494  2733  2734  167  2735  171  
103  2711  107  2494  2733  2734  167  2735  171  2475  2714  2715  2497  2736  2737  2499  2738  2739  104  2718  108  2501  2740  2741  168  2742  172  
101  2721  105  2504  2743  2744  165  2745  169  2485  2724  2725  2507  2746  2747  2509  2748  2749  102  2704  106  2487  2726  2727  166  2728  170  
166  2728  170  2511  2750  2751  230  2752  234  2492  2731  2732  2514  2753  2754  2516  2755  2756  167  2735  171  2518  2757  2758  231  2759  235  
167  2735  171  2518  2757  2758  231  2759  235  2499  2738  2739  2521  2760  2761  2523  2762  2763  168  2742  172  2525  2764  2765  232  2766  236  
165  2745  169  2528  2767  2768  229  2769  233  2509  2748  2749  2531  2770  2771  2533  2772  2773  166  2728  170  2511  2750  2751  230  2752  234  
230  2752  234  2535  2774  2775  294  2776  298  2516  2755  2756  2538  2777  2778  2540  2779  2780  231  2759  235  2542  2781  2782  295  2783  299  
231  2759  235  2542  2781  2782  295  2783  299  2523  2762  2763  2545  2784  2785  2547  2786  2787  232  2766  236  2549  2788  2789  296  2790  300  
229  2769  233  2552  2791  2792  293  2793  297  2533  2772  2773  2555  2794  2795  2557  2796  2797  230  2752  234  2535  2774  2775  294  2776  298  
294  2776  298  2559  2798  2799  358  2800  362  2540  2779  2780  2562  2801  2802  2564  2803  2804  295  2783  299  2566  2805  2806  359  2807  363  
295  2783  299  2566  2805  2806  359  2807  363  2547  2786  2787  2569  2808  2809  2571  2810  2811  296  2790  300  2573  2812  2813  360  2814  364  
293  2793  297  2576  2815  2816  357  2817  361  2557  2796  2797  2579  2818  2819  2581  2820  2821  294  2776  298  2559  2798  2799  358  2800  362  
358  2800  362  2583  2822  2823  422  2824  426  2564  2803  2804  2586  2825  2826  2588  2827  2828  359  2807  363  2590  2829  2830  423  2831  427  
359  2807  363  2590  2829  2830  423  2831  427  2571  2810  2811  2593  2832  2833  2595  2834  2835  360  2814  364  2597  2836  2837  424  2838  428  
357  2817  361  2600  2839  2840  421  2841  425  2581  2820  2821  2603  2842  2843  2605  2844  2845  358  2800  362  2583  2822  2823  422  2824  426  
422  2824  426  2607  2846  2847  486  2848  490  2588  2827  2828  2610  2849  2850  2612  2851  2852  423  2831  427  2614  2853  2854  487  2855  491  
423  2831  427  2614  2853  2854  487  2855  491  2595  2834  2835  2617  2856  2857  2619  2858  2859  424  2838  428  2621  2860  2861  488  2862  492  
421  2841  425  2624  2863  2864  485  2865  489  2605  2844  2845  2627  2866  2867  2629  2868  2869  422  2824  426  2607  2846  2847  486  2848  490  
486  2848  490  2631  2870  2871  550  2872  554  2612  2851  2852  2634  2873  2874  2636  2875  2876  487  2855  491  2638  2877  2878  551  2879  555  
487  2855  491  2638  2877  2878  551  2879  555  2619  2858  2859  2641  2880  2881  2643  2882  2883  488  2862  492  2645  2884  2885  552  2886  556  
485  2865  489  2648  2887  2888  549  2889  553  2629  2868  2869  2651  2890  2891  2653  2892  2893  486  2848  490  2631  2870  2871  550  2872  554  
550  2872  554  2655  2894  2895  614  2896  618  2636  2875  2876  2658  2897  2898  2660  2899  2900  551  2879  555  2662  2901  2902  615  2903  619  
551  2879  555  2662  2901  2902  615  2903  619  2643  2882  2883  2665  2904  2905  2667  2906  2907  552  2886  556  2669  2908  2909  616  2910  620  
549  2889  553  2672  2911  2912  613  2913  617  2653  2892  2893  2675  2914  2915  2677  2916  2917  550  2872  554  2655  2894  2895  614  2896  618  
2  649  2  2679  2918  2919  42  2920  46  656  657  658  2682  2921  2922  2684  2923  2924  3  663  3  2686  2925  2926  43  2927  47  
3  663  3  2686  2925  2926  43  2927  47  670  671  672  2689  2928  2929  2691  2930  2931  4  677  4  2693  2932  2933  44  2934  48  
1  682  1  2696  2935  2936  41  2937  45  689  690  691  2699  2938  2939  2701  2940  2941  2  649  2  2679  2918  2919  42  2920  46  
42  2920  46  2703  2942  2943  106  2944  110  2684  2923  2924  2706  2945  2946  2708  2947  2948  43  2927  47  2710  2949  2950  107  2951  111  
43  2927  47  2710  2949  2950  107  2951  111  2691  2930  2931  2713  2952  2953  2715  2954  2955  44  2934  48  2717  2956  2957  108  2958  112  
41  2937  45  2720  2959  2960  105  2961  109  2701  2940  2941  2723  2962  2963  2725  2964  2965  42  2920  46  2703  2942  2943  106  2944  110  
106  2944  110  2727  2966  2967  170  2968  174  2708  2947  2948  2730  2969  2970  2732  2971  2972  107  2951  111  2734  2973  2974  171  2975  175  
107  2951  111  2734  2973  2974  171  2975  175  2715  2954  2955  2737  2976  2977  2739  2978  2979  108  2958  112  2741  2980  2981  172  2982  176  
105  2961  109  2744  2983  2984  169  2985  173  2725  2964  2965  2747  2986  2987  2749  2988  2989  106  2944  110  2727  2966  2967  170  2968  174  
170  2968  174  2751  2990  2991  234  2992  238  2732  2971  2972  2754  2993  2994  2756  2995  2996  171  2975  175  2758  2997  2998  235  2999  239  
171  2975  175  2758  2997  2998  235  2999  239  2739  2978  2979  2761  3000  3001  2763  3002  3003  172  2982  176  2765  3004  3005  236  3006  240  
169  2985  173  2768  3007  3008  233  3009  237  2749  2988  2989  2771  3010  3011  2773  3012  3013  170  2968  174  2751  2990  2991  234  2992  238  
234  2992  238  2775  3014  3015  298  3016  302  2756  2995  2996  2778  3017  3018  2780  3019  3020  235  2999  239  2782  3021  3022  299  3023  303  
235  2999  239  2782  3021  3022  299  3023  303  2763  3002  3003  2785  3024  3025  2787  3026  3027  236  3006  240  2789  3028  3029  300  3030  304  
233  3009  237  2792  3031  3032  297  3033  301  2773  3012  3013  2795  3034  3035  2797  3036  3037  234  2992  238  2775  3014  3015  298  3016  302  
298  3016  302  2799  3038  3039  362  3040  366  2780  3019  3020  2802  3041  3042  2804  3043  3044  299  3023  303  2806  3045  3046  363  3047  367  
299  3023  303  2806  3045  3046  363  3047  367  2787  3026  3027  2809  3048  3049  2811  3050  3051  300  3030  304  2813  3052  3053  364  3054  368  
297  3033  301  2816  3055  3056  361  3057  365  2797  3036  3037  2819  3058  3059  2821  3060  3061  298  3016  302  2799  3038  3039  362  3040  366  
362  3040  366  2823  3062  3063  426  3064  430  2804  3043  3044  2826  3065  3066  2828  3067  3068  363  3047  367  2830  3069  3070  427  3071  431  
363  3047  367  2830  3069  3070  427  3071  431  2811  3050  3051  2833  3072  3073  2835  3074  3075  364  3054  368  2837  3076  3077  428  3078  432  
361  3057  365  2840  3079  3080  425  3081  429  2821  3060  3061  2843  3082  3083  2845  3084  3085  362  3040  366  2823  3062  3063  426  3064  430  
426  3064  430  2847  3086  3087  490  3088  494  2828  3067  3068  2850  3089  3090  2852  3091  3092  427  3071  431  2854  3093  3094  491  3095  495  
427  3071  431  2854  3093  3094  491  3095  495  2835  3074  3075  2857  3096  3097  2859  3098  3099  428  3078  432  2861  3100  3101  492  3102  496  
425  3081  429  2864  3103  3104  489  3105  493  2845  3084  3085  2867  3106  3107  2869  3108  3109  426  3064  430  2847  3086  3087  490  3088  494  
490  3088  494  2871  3110  3111  554  3112  558  2852  3091  3092  2874  3113  3114  2876  3115  3116  491  3095  495  2878  3117  3118  555  3119  559  
491  3095  495  2878  3117  3118  555  3119  559  2859  3098  3099  2881  3120  3121  2883  3122  3123  492  3102  496  2885  3124  3125  556  3126  560  
489  3105  493  2888  3127  3128  553  3129  557  2869  3108  3109  2891  3130  3131  2893  3132  3133  490  3088  494  2871  3110  3111  554  3112  558  
554  3112  558  2895  3134  3135  618  3136  622  2876  3115  3116  2898  3137  3138  2900  3139  3140  555  3119  559  2902  3141  3142  619  3143  623  
555  3119  559  2902  3141  3142  619  3143  623  2883  3122  3123  2905  3144  3145  2907  3146  3147  556  3126  560  2909  3148  3149  620  3150  624  
553  3129  557  2912  3151  3152  617  3153  621  2893  3132  3133  2915  3154  3155  2917  3156  3157  554  3112  558  2895  3134  3135  618  3136  622  
2  649  2  2919  3158  3159  46  3160  50  656  657  658  2922  3161  3162  2924  3163  3164  3  663  3  2926  3165  3166  47  3167  51  
3  663  3  2926  3165  3166  47  3167  51  670  671  672  2929  3168  3169  2931  3170  3171  4  677  4  2933  3172  3173  48  3174  52  
1  682  1  2936  3175  3176  45  3177  49  689  690  691  2939  3178  3179  2941  3180  3181  2  649  2  2919  3158  3159  46  3160  50  
46  3160  50  2943  3182  3183  110  3184  114  2924  3163  3164  2946  3185  3186  2948  3187  3188  47  3167  51  2950  3189  3190  111  3191  115  
47  3167  51  2950  3189  3190  111  3191  115  2931  3170  3171  2953  3192  3193  2955  3194  3195  48  3174  52  2957  3196  3197  112  3198  116  
45  3177  49  2960  3199  3200  109  3201  113  2941  3180  3181  2963  3202  3203  2965  3204  3205  46  3160  50  2943  3182  3183  110  3184  114  
110  3184  114  2967  3206  3207  174  3208  178  2948  3187  3188  2970  3209  3210  2972  3211  3212  111  3191  115  2974  3213  3214  175  3215  179  
111  3191  115  2974  3213  3214  175  3215  179  2955  3194  3195  2977  3216  3217  2979  3218  3219  112  3198  116  2981  3220  3221  176  3222  180  
109  3201  113  2984  3223  3224  173  3225  177  2965  3204  3205  2987  3226  3227  2989  3228  3229  110  3184  114  2967  3206  3207  174  3208  178  
174  3208  178  2991  3230  3231  238  3232  242  2972  3211  3212  2994  3233  3234  2996  3235  3236  175  3215  179  2998  3237  3238  239  3239  243  
175  3215  179  2998  3237  3238  239  3239  243  2979  3218  3219  3001  3240  3241  3003  3242  3243  176  3222  180  3005  3244  3245  240  3246  244  
173  3225  177  3008  3247  3248  237  3249  241  2989  3228  3229  3011  3250  3251  3013  3252  3253  174  3208  178  2991  3230  3231  238  3232  242  
238  3232  242  3015  3254  3255  302  3256  306  2996  3235  3236  3018  3257  3258  3020  3259  3260  239  3239  243  3022  3261  3262  303  3263  307  
239  3239  243  3022  3261  3262  303  3263  307  3003  3242  3243  3025  3264  3265  3027  3266  3267  240  3246  244  3029  3268  3269  304  3270  308  
237  3249  241  3032  3271  3272  301  3273  305  3013  3252  3253  3035  3274  3275  3037  3276  3277  238  3232  242  3015  3254  3255  302  3256  306  
302  3256  306  3039  3278  3279  366  3280  370  3020  3259  3260  3042  3281  3282  3044  3283  3284  303  3263  307  3046  3285  3286  367  3287  371  
303  3263  307  3046  3285  3286  367  3287  371  3027  3266  3267  3049  3288  3289  3051  3290  3291  304  3270  308  3053  3292  3293  368  3294  372  
301  3273  305  3056  3295  3296  365  3297  369  3037  3276  3277  3059  3298  3299  3061  3300  3301  302  3256  306  3039  3278  3279  366  3280  370  
366  3280  370  3063  3302  3303  430  3304  434  3044  3283  3284  3066  3305  3306  3068  3307  3308  367  3287  371  3070  3309  3310  431  3311  435  
367  3287  371  3070  3309  3310  431  3311  435  3051  3290  3291  3073  3312  3313  3075  3314  3315  368  3294  372  3077  3316  3317  432  3318  436  
365  3297  369  3080  3319  3320  429  3321  433  3061  3300  3301  3083  3322  3323  3085  3324  3325  366  3280  370  3063  3302  3303  430  3304  434  
430  3304  434  3087  3326  3327  494  3328  498  3068  3307  3308  3090  3329  3330  3092  3331  3332  431  3311  435  3094  3333  3334  495  3335  499  
431  3311  435  3094  3333  3334  495  3335  499  3075  3314  3315  3097  3336  3337  3099  3338  3339  432  3318  436  3101  3340  3341  496  3342  500  
429  3321  433  3104  3343  3344  493  3345  497  3085  3324  3325  3107  3346  3347  3109  3348  3349  430  3304  434  3087  3326  3327  494  3328  498  
494  3328  498  3111  3350  3351  558  3352  562  3092  3331  3332  3114  3353  3354  3116  3355  3356  495  3335  499  3118  3357  3358  559  3359  563  
495  3335  499  3118  3357  3358  559  3359  563  3099  3338  3339  3121  3360  3361  3123  3362  3363  496  3342  500  3125  3364  3365  560  3366  564  
493  3345  497  3128  3367  3368  557  3369  561  3109  3348  3349  3131  3370  3371  3133  3372  3373  494  3328  498  3111  3350  3351  558  3352  562  
558  3352  562  3135  3374  3375  622  3376  626  3116  3355  3356  3138  3377  3378  3140  3379  3380  559  3359  563  3142  3381  3382  623  3383  627  
559  3359  563  3142  3381  3382  623  3383  627  3123  3362  3363  3145  3384  3385  3147  3386  3387  560  3366  564  3149  3388  3389  624  3390  628  
557  3369  561  3152  3391  3392  621  3393  625  3133  3372  3373  3155  3394  3395  3157  3396  3397  558  3352  562  3135  3374  3375  622  3376  626  
2  649  2  3159  3398  3399  50  3400  54  656  657  658  3162  3401  3402  3164  3403  3404  3  663  3  3166  3405  3406  51  3407  55  
3  663  3  3166  3405  3406  51  3407  55  670  671  672  3169  3408  3409  3171  3410  3411  4  677  4  3173  3412  3413  52  3414  56  
1  682  1  3176  3415  3416  49  3417  53  689  690  691  3179  3418  3419  3181  3420  3421  2  649  2  3159  3398  3399  50  3400  54  
50  3400  54  3183  3422  3423  114  3424  118  3164  3403  3404  3186  3425  3426  3188  3427  3428  51  3407  55  3190  3429  3430  115  3431  119  
51  3407  55  3190  3429  3430  115  3431  119  3171  3410  3411  3193  3432  3433  3195  3434  3435  52  3414  56  3197  3436  3437  116  3438  120  
49  3417  53  3200  3439  3440  113  3441  117  3181  3420  3421  3203  3442  3443  3205  3444  3445  50  3400  54  3183  3422  3423  114  3424  118  
114  3424  118  3207  3446  3447  178  3448  182  3188  3427  3428  3210  3449  3450  3212  3451  3452  115  3431  119  3214  3453  3454  179  3455  183  
115  3431  119  3214  3453  3454  179  3455  183  3195  3434  3435  3217  3456  3457  3219  3458  3459  116  3438  120  3221  3460  3461  180  3462  184  
113  3441  117  3224  3463  3464  177  3465  181  3205  3444  3445  3227  3466  3467  3229  3468  3469  114  3424  118  3207  3446  3447  178  3448  182  
178  3448  182  3231  3470  3471  242  3472  246  3212  3451  3452  3234  3473  3474  3236  3475  3476  179  3455  183  3238  3477  3478  243  3479  247  
179  3455  183  3238  3477  3478  243  3479  247  3219  3458  3459  3241  3480  3481  3243  3482  3483  180  3462  184  3245  3484  3485  244  3486  248  
177  3465  181  3248  3487  3488  241  3489  245  3229  3468  3469  3251  3490  3491  3253  3492  3493  178  3448  182  3231  3470  3471  242  3472  246  
242  3472  246  3255  3494  3495  306  3496  310  3236  3475  3476  3258  3497  3498  3260  3499  3500  243  3479  247  3262  3501  3502  307  3503  311  
243  3479  247  3262  3501  3502  307  3503  311  3243  3482  3483  3265  3504  3505  3267  3506  3507  244  3486  248  3269  3508  3509  308  3510  312  
241  3489  245  3272  3511  3512  305  3513  309  3253  3492  3493  3275  3514  3515  3277  3516  3517  242  3472  246  3255  3494  3495  306  3496  310  
306  3496  310  3279  3518  3519  370  3520  374  3260  3499  3500  3282  3521  3522  3284  3523  3524  307  3503  311  3286  3525  3526  371  3527  375  
307  3503  311  3286  3525  3526  371  3527  375  3267  3506  3507  3289  3528  3529  3291  3530  3531  308  3510  312  3293  3532  3533  372  3534  376  
305  3513  309  3296  3535  3536  369  3537  373  3277  3516  3517  3299  3538  3539  3301  3540  3541  306  3496  310  3279  3518  3519  370  3520  374  
370  3520  374  3303  3542  3543  434  3544  438  3284  3523  3524  3306  3545  3546  3308  3547  3548  371  3527  375  3310  3549  3550  435  3551  439  
371  3527  375  3310  3549  3550  435  3551  439  3291  3530  3531  3313  3552  3553  3315  3554  3555  372  3534  376  3317  3556  3557  436  3558  440  
369  3537  373  3320  3559  3560  433  3561  437  3301  3540  3541  3323  3562  3563  3325  3564  3565  370  3520  374  3303  3542  3543  434  3544  438  
434  3544  438  3327  3566  3567  498  3568  502  3308  3547  3548  3330  3569  3570  3332  3571  3572  435  3551  439  3334  3573  3574  499  3575  503  
435  3551  439  3334  3573  3574  499  3575  503  3315  3554  3555  3337  3576  3577  3339  3578  3579  436  3558  440  3341  3580  3581  500  3582  504  
433  3561  437  3344  3583  3584  497  3585  501  3325  3564  3565  3347  3586  3587  3349  3588  3589  434  3544  438  3327  3566  3567  498  3568  502  
498  3568  502  3351  3590  3591  562  3592  566  3332  3571  3572  3354  3593  3594  3356  3595  3596  499  3575  503  3358  3597  3598  563  3599  567  
499  3575  503  3358  3597  3598  563  3599  567  3339  3578  3579  3361  3600  3601  3363  3602  3603  500  3582  504  3365  3604  3605  564  3606  568  
497  3585  501  3368  3607  3608  561  3609  565  3349  3588  3589  3371  3610  3611  3373  3612  3613  498  3568  502  3351  3590  3591  562  3592  566  
562  3592  566  3375  3614  3615  626  3616  630  3356  3595  3596  3378  3617  3618  3380  3619  3620  563  3599  567  3382  3621  3622  627  3623  631  
563  3599  567  3382  3621  3622  627  3623  631  3363  3602  3603  3385  3624  3625  3387  3626  3627  564  3606  568  3389  3628  3629  628  3630  632  
561  3609  565  3392  3631  3632  625  3633  629  3373  3612  3613  3395  3634  3635  3397  3636  3637  562  3592  566  3375  3614  3615  626  3616  630  
2  649  2  3399  3638  3639  54  3640  58  656  657  658  3402  3641  3642  3404  3643  3644  3  663  3  3406  3645  3646  55  3647  59  
3  663  3  3406  3645  3646  55  3647  59  670  671  672  3409  3648  3649  3411  3650  3651  4  677  4  3413  3652  3653  56  3654  60  
1  682  1  3416  3655  3656  53  3657  57  689  690  691  3419  3658  3659  3421  3660  3661  2  649  2  3399  3638  3639  54  3640  58  
54  3640  58  3423  3662  3663  118  3664  122  3404  3643  3644  3426  3665  3666  3428  3667  3668  55  3647  59  3430  3669  3670  119  3671  123  
55  3647  59  3430  3669  3670  119  3671  123  3411  3650  3651  3433  3672  3673  3435  3674  3675  56  3654  60  3437  3676  3677  120  3678  124  
53  3657  57  3440  3679  3680  117  3681  121  3421  3660  3661  3443  3682  3683  3445  3684  3685  54  3640  58  3423  3662  3663  118  3664  122  
118  3664  122  3447  3686  3687  182  3688  186  3428  3667  3668  3450  3689  3690  3452  3691  3692  119  3671  123  3454  3693  3694  183  3695  187  
119  3671  123  3454  3693  3694  183  3695  187  3435  3674  3675  3457  3696  3697  3459  3698  3699  120  3678  124  3461  3700  3701  184  3702  188  
117  3681  121  3464  3703  3704  181  3705  185  3445  3684  3685  3467  3706  3707  3469  3708  3709  118  3664  122  3447  3686  3687  182  3688  186  
182  3688  186  3471  3710  3711  246  3712  250  3452  3691  3692  3474  3713  3714  3476  3715  3716  183  3695  187  3478  3717  3718  247  3719  251  
183  3695  187  3478  3717  3718  247  3719  251  3459  3698  3699  3481  3720  3721  3483  3722  3723  184  3702  188  3485  3724  3725  248  3726  252  
181  3705  185  3488  3727  3728  245  3729  249  3469  3708  3709  3491  3730  3731  3493  3732  3733  182  3688  186  3471  3710  3711  246  3712  250  
246  3712  250  3495  3734  3735  310  3736  314  3476  3715  3716  3498  3737  3738  3500  3739  3740  247  3719  251  3502  3741  3742  311  3743  315  
247  3719  251  3502  3741  3742  311  3743  315  3483  3722  3723  3505  3744  3745  3507  3746  3747  248  3726  252  3509  3748  3749  312  3750  316  
245  3729  249  3512  3751  3752  309  3753  313  3493  3732  3733  3515  3754  3755  3517  3756  3757  246  3712  250  3495  3734  3735  310  3736  314  
310  3736  314  3519  3758  3759  374  3760  378  3500  3739  3740  3522  3761  3762  3524  3763  3764  311  3743  315  3526  3765  3766  375  3767  379  
311  3743  315  3526  3765  3766  375  3767  379  3507  3746  3747  3529  3768  3769  3531  3770  3771  312  3750  316  3533  3772  3773  376  3774  380  
309  3753  313  3536  3775  3776  373  3777  377  3517  3756  3757  3539  3778  3779  3541  3780  3781  310  3736  314  3519  3758  3759  374  3760  378  
374  3760  378  3543  3782  3783  438  3784  442  3524  3763  3764  3546  3785  3786  3548  3787  3788  375  3767  379  3550  3789  3790  439  3791  443  
375  3767  379  3550  3789  3790  439  3791  443  3531  3770  3771  3553  3792  3793  3555  3794  3795  376  3774  380  3557  3796  3797  440  3798  444  
373  3777  377  3560  3799  3800  437  3801  441  3541  3780  3781  3563  3802  3803  3565  3804  3805  374  3760  378  3543  3782  3783  438  3784  442  
438  3784  442  3567  3806  3807  502  3808  506  3548  3787  3788  3570  3809  3810  3572  3811  3812  439  3791  443  3574  3813  3814  503  3815  507  
439  3791  443  3574  3813  3814  503  3815  507  3555  3794  3795  3577  3816  3817  3579  3818  3819  440  3798  444  3581  3820  3821  504  3822  508  
437  3801  441  3584  3823  3824  501  3825  505  3565  3804  3805  3587  3826  3827  3589  3828  3829  438  3784  442  3567  3806  3807  502  3808  506  
502  3808  506  3591  3830  3831  566  3832  570  3572  3811  3812  3594  3833  3834  3596  3835  3836  503  3815  507  3598  3837  3838  567  3839  571  
503  3815  507  3598  3837  3838  567  3839  571  3579  3818  3819  3601  3840  3841  3603  3842  3843  504  3822  508  3605  3844  3845  568  3846  572  
501  3825  505  3608  3847  3848  565  3849  569  3589  3828  3829  3611  3850  3851  3613  3852  3853  502  3808  506  3591  3830  3831  566  3832  570  
566  3832  570  3615  3854  3855  630  3856  634  3596  3835  3836  3618  3857  3858  3620  3859  3860  567  3839  571  3622  3861  3862  631  3863  635  
567  3839  571  3622  3861  3862  631  3863  635  3603  3842  3843  3625  3864  3865  3627  3866  3867  568  3846  572  3629  3868  3869  632  3870  636  
565  3849  569  3632  3871  3872  629  3873  633  3613  3852  3853  3635  3874  3875  3637  3876  3877  566  3832  570  3615  3854  3855  630  3856  634  
2  649  2  3639  3878  3879  58  3880  62  656  657  658  3642  3881  3882  3644  3883  3884  3  663  3  3646  3885  3886  59  3887  63  
3  663  3  3646  3885  3886  59  3887  63  670  671  672  3649  3888  3889  3651  3890  3891  4  677  4  3653  3892  3893  60  3894  64  
1  682  1  3656  3895  3896  57  3897  61  689  690  691  3659  3898  3899  3661  3900  3901  2  649  2  3639  3878  3879  58  3880  62  
58  3880  62  3663  3902  3903  122  3904  126  3644  3883  3884  3666  3905  3906  3668  3907  3908  59  3887  63  3670  3909  3910  123  3911  127  
59  3887  63  3670  3909  3910  123  3911  127  3651  3890  3891  3673  3912  3913  3675  3914  3915  60  3894  64  3677  3916  3917  124  3918  128  
57  3897  61  3680  3919  3920  121  3921  125  3661  3900  3901  3683  3922  3923  3685  3924  3925  58  3880  62  3663  3902  3903  122  3904  126  
122  3904  126  3687  3926  3927  186  3928  190  3668  3907  3908  3690  3929  3930  3692  3931  3932  123  3911  127  3694  3933  3934  187  3935  191  
123  3911  127  3694  3933  3934  187  3935  191  3675  3914  3915  3697  3936  3937  3699  3938  3939  124  3918  128  3701  3940  3941  188  3942  192  
121  3921  125  3704  3943  3944  185  3945  189  3685  3924  3925  3707  3946  3947  3709  3948  3949  122  3904  126  3687  3926  3927  186  3928  190  
186  3928  190  3711  3950  3951  250  3952  254  3692  3931  3932  3714  3953  3954  3716  3955  3956  187  3935  191  3718  3957  3958  251  3959  255  
187  3935  191  3718  3957  3958  251  3959  255  3699  3938  3939  3721  3960  3961  3723  3962  3963  188  3942  192  3725  3964  3965  252  3966  256  
185  3945  189  3728  3967  3968  249  3969  253  3709  3948  3949  3731  3970  3971  3733  3972  3973  186  3928  190  3711  3950  3951  250  3952  254  
250  3952  254  3735  3974  3975  314  3976  318  3716  3955  3956  3738  3977  3978  3740  3979  3980  251  3959  255  3742  3981  3982  315  3983  319  
251  3959  255  3742  3981  3982  315  3983  319  3723  3962  3963  3745  3984  3985  3747  3986  3987  252  3966  256  3749  3988  3989  316  3990  320  
249  3969  253  3752  3991  3992  313  3993  317  3733  3972  3973  3755  3994  3995  3757  3996  3997  250  3952  254  3735  3974  3975  314  3976  318  
314  3976  318  3759  3998  3999  378  4000  382  3740  3979  3980  3762  4001  4002  3764  4003  4004  315  3983  319  3766  4005  4006  379  4007  383  
315  3983  319  3766  4005  4006  379  4007  383  3747  3986  3987  3769  4008  4009  3771  4010  4011  316  3990  320  3773  4012  4013  380  4014  384  
313  3993  317  3776  4015  4016  377  4017  381  3757  3996  3997  3779  4018  4019  3781  4020  4021  314  3976  318  3759  3998  3999  378  4000  382  
378  4000  382  3783  4022  4023  442  4024  446  3764  4003  4004  3786  4025  4026  3788  4027  4028  379  4007  383  3790  4029  4030  443  4031  447  
379  4007  383  3790  4029  4030  443  4031  447  3771  4010  4011  3793  4032  4033  3795  4034  4035  380  4014  384  3797  4036  4037  444  4038  448  
377  4017  381  3800  4039  4040  441  4041  445  3781  4020  4021  3803  4042  4043  3805  4044  4045  378  4000  382  3783  4022  4023  442  4024  446  
442  4024  446  3807  4046  4047  506  4048  510  3788  4027  4028  3810  4049  4050  3812  4051  4052  443  4031  447  3814  4053  4054  507  4055  511  
443  4031  447  3814  4053  4054  507  4055  511  3795  4034  4035  3817  4056  4057  3819  4058  4059  444  4038  448  3821  4060  4061  508  4062  512  
441  4041  445  3824  4063  4064  505  4065  509  3805  4044  4045  3827  4066  4067  3829  4068  4069  442  4024  446  3807  4046  4047  506  4048  510  
506  4048  510  3831  4070  4071  570  4072  574  3812  4051  4052  3834  4073  4074  3836  4075  4076  507  4055  511  3838  4077  4078  571  4079  575  
507  4055  511  3838  4077  4078  571  4079  575  3819  4058  4059  3841  4080  4081  3843  4082  4083  508  4062  512  3845  4084  4085  572  4086  576  
505  4065  509  3848  4087  4088  569  4089  573  3829  4068  4069  3851  4090  4091  3853  4092  4093  506  4048  510  3831  4070  4071  570  4072  574  
570  4072  574  3855  4094  4095  634  4096  638  3836  4075  4076  3858  4097  4098  3860  4099  4100  571  4079  575  3862  4101  4102  635  4103  639  
571  4079  575  3862  4101  4102  635  4103  639  3843  4082  4083  3865  4104  4105  3867  4106  4107  572  4086  576  3869  4108  4109  636  4110  640  
569  4089  573  3872  4111  4112  633  4113  637  3853  4092  4093  3875  4114  4115  3877  4116  4117  570  4072  574  3855  4094  4095  634  4096  638  
2  649  2  3879  4118  4119  62  4120  66  656  657  658  3882  4121  4122  3884  4123  4124  3  663  3  3886  4125  4126  63  4127  67  
3  663  3  3886  4125  4126  63  4127  67  670  671  672  3889  4128  4129  3891  4130  4131  4  677  4  3893  4132  4133  64  4134  68  
1  682  1  3896  4135  4136  61  4137  65  689  690  691  3899  4138  4139  3901  4140  4141  2  649  2  3879  4118  4119  62  4120  66  
62  4120  66  3903  4142  4143  126  4144  130  3884  4123  4124  3906  4145  4146  3908  4147  4148  63  4127  67  3910  4149  4150  127  4151  131  
63  4127  67  3910  4149  4150  127  4151  131  3891  4130  4131  3913  4152  4153  3915  4154  4155  64  4134  68  3917  4156  4157  128  4158  132  
61  4137  65  3920  4159  4160  125  4161  129  3901  4140  4141  3923  4162  4163  3925  4164  4165  62  4120  66  3903  4142  4143  126  4144  130  
126  4144  130  3927  4166  4167  190  4168  194  3908  4147  4148  3930  4169  4170  3932  4171  4172  127  4151  131  3934  4173  4174  191  4175  195  
127  4151  131  3934  4173  4174  191  4175  195  3915  4154  4155  3937  4176  4177  3939  4178  4179  128  4158  132  3941  4180  4181  192  4182  196  
125  4161  129  3944  4183  4184  189  4185  193  3925  4164  4165  3947  4186  4187  3949  4188  4189  126  4144  130  3927  4166  4167  190  4168  194  
190  4168  194  3951  4190  4191  254  4192  258  3932  4171  4172  3954  4193  4194  3956  4195  4196  191  4175  195  3958  4197  4198  255  4199  259  
191  4175  195  3958  4197  4198  255  4199  259  3939  4178  4179  3961  4200  4201  3963  4202  4203  192  4182  196  3965  4204  4205  256  4206  260  
189  4185  193  3968  4207  4208  253  4209  257  3949  4188  4189  3971  4210  4211  3973  4212  4213  190  4168  194  3951  4190  4191  254  4192  258  
254  4192  258  3975  4214  4215  318  4216  322  3956  4195  4196  3978  4217  4218  3980  4219  4220  255  4199  259  3982  4221  4222  319  4223  323  
255  4199  259  3982  4221  4222  319  4223  323  3963  4202  4203  3985  4224  4225  3987  4226  4227  256  4206  260  3989  4228  4229  320  4230  324  
253  4209  257  3992  4231  4232  317  4233  321  3973  4212  4213  3995  4234  4235  3997  4236  4237  254  4192  258  3975  4214  4215  318  4216  322  
318  4216  322  3999  4238  4239  382  4240  386  3980  4219  4220  4002  4241  4242  4004  4243  4244  319  4223  323  4006  4245  4246  383  4247  387  
319  4223  323  4006  4245  4246  383  4247  387  3987  4226  4227  4009  4248  4249  4011  4250  4251  320  4230  324  4013  4252  4253  384  4254  388  
317  4233  321  4016  4255  4256  381  4257  385  3997  4236  4237  4019  4258  4259  4021  4260  4261  318  4216  322  3999  4238  4239  382  4240  386  
382  4240  386  4023  4262  4263  446  4264  450  4004  4243  4244  4026  4265  4266  4028  4267  4268  383  4247  387  4030  4269  4270  447  4271  451  
383  4247  387  4030  4269  4270  447  4271  451  4011  4250  4251  4033  4272  4273  4035  4274  4275  384  4254  388  4037  4276  4277  448  4278  452  
381  4257  385  4040  4279  4280  445  4281  449  4021  4260  4261  4043  4282  4283  4045  4284  4285  382  4240  386  4023  4262  4263  446  4264  450  
446  4264  450  4047  4286  4287  510  4288  514  4028  4267  4268  4050  4289  4290  4052  4291  4292  447  4271  451  4054  4293  4294  511  4295  515  
447  4271  451  4054  4293  4294  511  4295  515  4035  4274  4275  4057  4296  4297  4059  4298  4299  448  4278  452  4061  4300  4301  512  4302  516  
445  4281  449  4064  4303  4304  509  4305  513  4045  4284  4285  4067  4306  4307  4069  4308  4309  446  4264  450  4047  4286  4287  510  4288  514  
510  4288  514  4071  4310  4311  574  4312  578  4052  4291  4292  4074  4313  4314  4076  4315  4316  511  4295  515  4078  4317  4318  575  4319  579  
511  4295  515  4078  4317  4318  575  4319  579  4059  4298  4299  4081  4320  4321  4083  4322  4323  512  4302  516  4085  4324  4325  576  4326  580  
509  4305  513  4088  4327  4328  573  4329  577  4069  4308  4309  4091  4330  4331  4093  4332  4333  510  4288  514  4071  4310  4311  574  4312  578  
574  4312  578  4095  4334  4335  638  4336  642  4076  4315  4316  4098  4337  4338  4100  4339  4340  575  4319  579  4102  4341  4342  639  4343  643  
575  4319  579  4102  4341  4342  639  4343  643  4083  4322  4323  4105  4344  4345  4107  4346  4347  576  4326  580  4109  4348  4349  640  4350  644  
573  4329  577  4112  4351  4352  637  4353  641  4093  4332  4333  4115  4354  4355  4117  4356  4357  574  4312  578  4095  4334  4335  638  4336  642  
2  649  2  4119  4358  646  66  4359  6  656  657  650  4122  4360  653  4124  4361  656  3  663  3  4126  4362  660  67  4363  7  
3  663  3  4126  4362  660  67  4363  7  670  671  664  4129  4364  667  4131  4365  670  4  677  4  4133  4366  674  68  4367  8  
1  682  1  4136  4368  679  65  4369  5  689  690  683  4139  4370  686  4141  4371  689  2  649  2  4119  4358  646  66  4359  6  
66  4359  6  4143  4372  692  130  4373  70  4124  4361  656  4146  4374  696  4148  4375  699  67  4363  7  4150  4376  702  131  4377  71  
67  4363  7  4150  4376  702  131  4377  71  4131  4365  670  4153  4378  706  4155  4379  709  68  4367  8  4157  4380  712  132  4381  72  
65  4369  5  4160  4382  716  129  4383  69  4141  4371  689  4163  4384  720  4165  4385  723  66  4359  6  4143  4372  692  130  4373  70  
130  4373  70  4167  4386  726  194  4387  134  4148  4375  699  4170  4388  730  4172  4389  733  131  4377  71  4174  4390  736  195  4391  135  
131  4377  71  4174  4390  736  195  4391  135  4155  4379  709  4177  4392  740  4179  4393  743  132  4381  72  4181  4394  746  196  4395  136  
129  4383  69  4184  4396  750  193  4397  133  4165  4385  723  4187  4398  754  4189  4399  757  130  4373  70  4167  4386  726  194  4387  134  
194  4387  134  4191  4400  760  258  4401  198  4172  4389  733  4194  4402  764  4196  4403  767  195  4391  135  4198  4404  770  259  4405  199  
195  4391  135  4198  4404  770  259  4405  199  4179  4393  743  4201  4406  774  4203  4407  777  196  4395  136  4205  4408  780  260  4409  200  
193  4397  133  4208  4410  784  257  4411  197  4189  4399  757  4211  4412  788  4213  4413  791  194  4387  134  4191  4400  760  258  4401  198  
258  4401  198  4215  4414  794  322  4415  262  4196  4403  767  4218  4416  798  4220  4417  801  259  4405  199  4222  4418  804  323  4419  263  
259  4405  199  4222  4418  804  323  4419  263  4203  4407  777  4225  4420  808  4227  4421  811  260  4409  200  4229  4422  814  324  4423  264  
257  4411  197  4232  4424  818  321  4425  261  4213  4413  791  4235  4426  822  4237  4427  825  258  4401  198  4215  4414  794  322  4415  262  
322  4415  262  4239  4428  828  386  4429  326  4220  4417  801  4242  4430  832  4244  4431  835  323  4419  263  4246  4432  838  387  4433  327  
323  4419  263  4246  4432  838  387  4433  327  4227  4421  811  4249  4434  842  4251  4435  845  324  4423  264  4253  4436  848  388  4437  328  
321  4425  261  4256  4438  852  385  4439  325  4237  4427  825  4259  4440  856  4261  4441  859  322  4415  262  4239  4428  828  386  4429  326  
386  4429  326  4263  4442  862  450  4443  390  4244  4431  835  4266  4444  866  4268  4445  869  387  4433  327  4270  4446  872  451  4447  391  
387  4433  327  4270  4446  872  451  4447  391  4251  4435  845  4273  4448  876  4275  4449  879  388  4437  328  4277  4450  882  452  4451  392  
385  4439  325  4280  4452  886  449  4453  389  4261  4441  859  4283  4454  890  4285  4455  893  386  4429  326  4263  4442  862  450  4443  390  
450  4443  390  4287  4456  896  514  4457  454  4268  4445  869  4290  4458  900  4292  4459  903  451  4447  391  4294  4460  906  515  4461  455  
451  4447  391  4294  4460  906  515  4461  455  4275  4449  879  4297  4462  910  4299  4463  913  452  4451  392  4301  4464  916  516  4465  456  
449  4453  389  4304  4466  920  513  4467  453  4285  4455  893  4307  4468  924  4309  4469  927  450  4443  390  4287  4456  896  514  4457  454  
514  4457  454  4311  4470  930  578  4471  518  4292  4459  903  4314  4472  934  4316  4473  937  515  4461  455  4318  4474  940  579  4475  519  
515  4461  455  4318  4474  940  579  4475  519  4299  4463  913  4321  4476  944  4323  4477  947  516  4465  456  4325  4478  950  580  4479  520  
513  4467  453  4328  4480  954  577  4481  517  4309  4469  927  4331  4482  958  4333  4483  961  514  4457  454  4311  4470  930  578  4471  518  
578  4471  518  4335  4484  964  642  4485  582  4316  4473  937  4338  4486  968  4340  4487  971  579  4475  519  4342  4488  974  643  4489  583  
579  4475  519  4342  4488  974  643  4489  583  4323  4477  947  4345  4490  978  4347  4491  981  580  4479  520  4349  4492  984  644  4493  584  
577  4481  517  4352  4494  988  641  4495  581  4333  4483  961  4355  4496  992  4357  4497  995  578  4471  518  4335  4484  964  642  4485  582  

#mesh_component
2
#basis_order
1
#elements
2  2  6  10  3  3  7  11  
3  3  7  11  4  4  8  12  
1  1  5  9  2  2  6  10  
6  10  70  74  7  11  71  75  
7  11  71  75  8  12  72  76  
5  9  69  73  6  10  70  74  
70  74  134  138  71  75  135  139  
71  75  135  139  72  76  136  140  
69  73  133  137  70  74  134  138  
134  138  198  202  135  139  199  203  
135  139  199  203  136  140  200  204  
133  137  197  201  134  138  198  202  
198  202  262  266  199  203  263  267  
199  203  263  267  200  204  264  268  
197  201  261  265  198  202  262  266  
262  266  326  330  263  267  327  331  
263  267  327  331  264  268  328  332  
261  265  325  329  262  266  326  330  
326  330  390  394  327  331  391  395  
327  331  391  395  328  332  392  396  
325  329  389  393  326  330  390  394  
390  394  454  458  391  395  455  459  
391  395  455  459  392  396  456  460  
389  393  453  457  390  394  454  458  
454  458  518  522  455  459  519  523  
455  459  519  523  456  460  520  524  
453  457  517  521  454  458  518  522  
518  522  582  586  519  523  583  587  
519  523  583  587  520  524  584  588  
517  521  581  585  518  522  582  586  
2  2  10  14  3  3  11  15  
3  3  11  15  4  4  12  16  
1  1  9  13  2  2  10  14  
10  14  74  78  11  15  75  79  
11  15  75  79  12  16  76  80  
9  13  73  77  10  14  74  78  
74  78  138  142  75  79  139  143  
75  79  139  143  76  80  140  144  
73  77  137  141  74  78  138  142  
138  142  202  206  139  143  203  207  
139  143  203  207  140  144  204  208  
137  141  201  205  138  142  202  206  
202  206  266  270  203  207  267  271  
203  207  267  271  204  208  268  272  
201  205  265  269  202  206  266  270  
266  270  330  334  267  271  331  335  
267  271  331  335  268  272  332  336  
265  269  329  333  266  270  330  334  
330  334  394  398  331  335  395  399  
331  335  395  399  332  336  396  400  
329  333  393  397  330  334  394  398  
394  398  458  462  395  399  459  463  
395  399  459  463  396  400  460  464  
393  397  457  461  394  398  458  462  
458  462  522  526  459  463  523  527  
459  463  523  527  460  464  524  528  
457  461  521  525  458  462  522  526  
522  526  586  590  523  527  587  591  
523  527  587  591  524  528  588  592  
521  525  585  589  522  526  586  590  
2  2  14  18  3  3  15  19  
3  3  15  19  4  4  16  20  
1  1  13  17  2  2  14  18  
14  18  78  82  15  19  79  83  
15  19  79  83  16  20  80  84  
13  17  77  81  14  18  78  82  
78  82  142  146  79  83  143  147  
79  83  143  147  80  84  144  148  
77  81  141  145  78  82  142  146  
142  146  206  210  143  147  207  211  
143  147  207  211  144  148  208  212  
141  145  205  209  142  146  206  210  
206  210  270  274  207  211  271  275  
207  211  271  275  208  212  272  276  
205  209  269  273  206  210  270  274  
270  274  334  338  271  275  335  339  
271  275  335  339  272  276  336  340  
269  273  333  337  270  274  334  338  
334  338  398  402  335  339  399  403  
335  339  399  403  336  340  400  404  
333  337  397  401  334  338  398  402  
398  402  462  466  399  403  463  467  
399  403  463  467  400  404  464  468  
397  401  461  465  398  402  462  466  
462  466  526  530  463  467  527  531  
463  467  527  531  464  468  528  532  
461  465  525  529  462  466  526  530  
526  530  590  594  527  531  591  595  
527  531  591  595  528  532  592  596  
525  529  589  593  526  530  590  594  
2  2  18  22  3  3  19  23  
3  3  19  23  4  4  20  24  
1  1  17  21  2  2  18  22  
18  22  82  86  19  23  83  87  
19  23  83  87  20  24  84  88  
17  21  81  85  18  22  82  86  
82  86  146  150  83  87  147  151  
83  87  147  151  84  88  148  152  
81  85  145  149  82  86  146  150  
146  150  210  214  147  151  211  215  
147  151  211  215  148  152  212  216  
145  149  209  213  146  150  210  214  
210  214  274  278  211  215  275  279  
211  215  275  279  212  216  276  280  
209  213  273  277  210  214  274  278  
274  278  338  342  275  279  339  343  
275  279  339  343  276  280  340  344  
273  277  337  341  274  278  338  342  
338  342  402  406  339  343  403  407  
339  343  403  407  340  344  404  408  
337  341  401  405  338  342  402  406  
402  406  466  470  403  407  467  471  
403  407  467  471  404  408  468  472  
401  405  465  469  402  406  466  470  
466  470  530  534  467  471  531  535  
467  471  531  535  468  472  532  536  
465  469  529  533  466  470  530  534  
530  534  594  598  531  535  595  599  
531  535  595  599  532  536  596  600  
529  533  593  597  530  534  594  598  
2  2  22  26  3  3  23  27  
3  3  23  27  4  4  24  28  
1  1  21  25  2  2  22  26  
22  26  86  90  23  27  87  91  
23  27  87  91  24  28  88  92  
21  25  85  89  22  26  86  90  
86  90  150  154  87  91  151  155  
87  91  151  155  88  92  152  156  
85  89  149  153  86  90  150  154  
150  154  214  218  151  155  215  219  
151  155  215  219  152  156  216  220  
149  153  213  217  150  154  214  218  
214  218  278  282  215  219  279  283  
215  219  279  283  216  220  280  284  
213  217  277  281  214  218  278  282  
278  282  342  346  279  283  343  347  
279  283  343  347  280  284  344  348  
277  281  341  345  278  282  342  346  
342  346  406  410  343  347  407  411  
343  347  407  411  344  348  408  412  
341  345  405  409  342  346  406  410  
406  410  470  474  407  411  471  475  
407  411  471  475  408  412  472  476  
405  409  469  473  406  410  470  474  
470  474  534  538  471  475  535  539  
471  475  535  539  472  476  536  540  
469  473  533  537  470  474  534  538  
534  538  598  602  535  539  599  603  
535  539  599  603  536  540  600  604  
533  537  597  601  534  538  598  602  
2  2  26  30  3  3  27  31  
3  3  27  31  4  4  28  32  
1  1  25  29  2  2  26  30  
26  30  90  94  27  31  91  95  
27  31  91  95  28  32  92  96  
25  29  89  93  26  30  90  94  
90  94  154  158  91  95  155  159  
91  95  155  159  92  96  156  160  
89  93  153  157  90  94  154  158  
154  158  218  222  155  159  219  223  
155  159  219  223  156  160  220  224  
153  157  217  221  154  158  218  222  
218  222  282  286  219  223  283  287  
219  223  283  287  220  224  284  288  
217  221  281  285  218  222  282  286  
282  286  346  350  283  287  347  351  
283  287  347  351  284  288  348  352  
281  285  345  349  282  286  346  350  
346  350  410  414  347  351  411  415  
347  351  411  415  348  352  412  416  
345  349  409  413  346  350  410  414  
410  414  474  478  411  415  475  479  
411  415  475  479  412  416  476  480  
409  413  473  477  410  414  474  478  
474  478  538  542  475  479  539  543  
475  479  539  543  476  480  540  544  
473  477  537  541  474  478  538  542  
538  542  602  606  539  543  603  607  
539  543  603  607  540  544  604  608  
537  541  601  605  538  542  602  606  
2  2  30  34  3  3  31  35  
3  3  31  35  4  4  32  36  
1  1  29  33  2  2  30  34  
30  34  94  98  31  35  95  99  
31  35  95  99  32  36  96  100  
29  33  93  97  30  34  94  98  
94  98  158  162  95  99  159  163  
95  99  159  163  96  100  160  164  
93  97  157  161  94  98  158  162  
158  162  222  226  159  163  223  227  
159  163  223  227  160  164  224  228  
157  161  221  225  158  162  222  226  
222  226  286  290  223  227  287  291  
223  227  287  291  224  228  288  292  
221  225  285  289  222  226  286  290  
286  290  350  354  287  291  351  355  
287  291  351  355  288  292  352  356  
285  289  349  353  286  290  350  354  
350  354  414  418  351  355  415  419  
351  355  415  419  352  356  416  420  
349  353  413  417  350  354  414  418  
414  418  478  482  415  419  479  483  
415  419  479  483  416  420  480  484  
413  417  477  481  414  418  478  482  
478  482  542  546  479  483  543  547  
479  483  543  547  480  484  544  548  
477  481  541  545  478  482  542  546  
542  546  606  610  543  547  607  611  
543  547  607  611  544  548  608  612  
541  545  605  609  542  546  606  610  
2  2  34  38  3  3  35  39  
3  3  35  39  4  4  36  40  
1  1  33  37  2  2  34  38  
34  38  98  102  35  39  99  103  
35  39  99  103  36  40  100  104  
33  37  97  101  34  38  98  102  
98  102  162  166  99  103  163  167  
99  103  163  167  100  104  164  168  
97  101  161  165  98  102  162  166  
162  166  226  230  163  167  227  231  
163  167  227  231  164  168  228  232  
161  165  225  229  162  166  226  230  
226  230  290  294  227  231  291  295  
227  231  291  295  228  232  292  296  
225  229  289  293  226  230  290  294  
290  294  354  358  291  295  355  359  
291  295  355  359  292  296  356  360  
289  293  353  357  290  294  354  358  
354  358  418  422  355  359  419  423  
355  359  419  423  356  360  420  424  
353  357  417  421  354  358  418  422  
418  422  482  486  419  423  483  487  
419  423  483  487  420  424  484  488  
417  421  481  485  418  422  482  486  
482  486  546  550  483  487  547  551  
483  487  547  551  484  488  548  552  
481  485  545  549  482  486  546  550  
546  550  610  614  547  551  611  615  
547  551  611  615  548  552  612  616  
545  549  609  613  546  550  610  614  
2  2  38  42  3  3  39  43  
3  3  39  43  4  4  40  44  
1  1  37  41  2  2  38  42  
38  42  102  106  39  43  103  107  
39  43  103  107  40  44  104  108  
37  41  101  105  38  42  102  106  
102  106  166  170  103  107  167  171  
103  107  167  171  104  108  168  172  
101  105  165  169  102  106  166  170  
166  170  230  234  167  171  231  235  
167  171  231  235  168  172  232  236  
165  169  229  233  166  170  230  234  
230  234  294  298  231  235  295  299  
231  235  295  299  232  236  296  300  
229  233  293  297  230  234  294  298  
294  298  358  362  295  299  359  363  
295  299  359  363  296  300  360  364  
293  297  357  361  294  298  358  362  
358  362  422  426  359  363  423  427  
359  363  423  427  360  364  424  428  
357  361  421  425  358  362  422  426  
422  426  486  490  423  427  487  491  
423  427  487  491  424  428  488  492  
421  425  485  489  422  426  486  490  
486  490  550  554  487  491  551  555  
487  491  551  555  488  492  552  556  
485  489  549  553  486  490  550  554  
550  554  614  618  551  555  615  619  
551  555  615  619  552  556  616  620  
549  553  613  617  550  554  614  618  
2  2  42  46  3  3  43  47  
3  3  43  47  4  4  44  48  
1  1  41  45  2  2  42  46  
42  46  106  110  43  47  107  111  
43  47  107  111  44  48  108  112  
41  45  105  109  42  46  106  110  
106  110  170  174  107  111  171  175  
107  111  171  175  108  112  172  176  
105  109  169  173  106  110  170  174  
170  174  234  238  171  175  235  239  
171  175  235  239  172  176  236  240  
169  173  233  237  170  174  234  238  
234  238  298  302  235  239  299  303  
235  239  299  303  236  240  300  304  
233  237  297  301  234  238  298  302  
298  302  362  366  299  303  363  367  
299  303  363  367  300  304  364  368  
297  301  361  365  298  302  362  366  
362  366  426  430  363  367  427  431  
363  367  427  431  364  368  428  432  
361  365  425  429  362  366  426  430  
426  430  490  494  427  431  491  495  
427  431  491  495  428  432  492  496  
425  429  489  493  426  430  490  494  
490  494  554  558  491  495  555  559  
491  495  555  559  492  496  556  560  
489  493  553  557  490  494  554  558  
554  558  618  622  555  559  619  623  
555  559  619  623  556  560  620  624  
553  557  617  621  554  558  618  622  
2  2  46  50  3  3  47  51  
3  3  47  51  4  4  48  52  
1  1  45  49  2  2  46  50  
46  50  110  114  47  51  111  115  
47  51  111  115  48  52  112  116  
45  49  109  113  46  50  110  114  
110  114  174  178  111  115  175  179  
111  115  175  179  112  116  176  180  
109  113  173  177  110  114  174  178  
174  178  238  242  175  179  239  243  
175  179  239  243  176  180  240  244  
173  177  237  241  174  178  238  242  
238  242  302  306  239  243  303  307  
239  243  303  307  240  244  304  308  
237  241  301  305  238  242  302  306  
302  306  366  370  303  307  367  371  
303  307  367  371  304  308  368  372  
301  305  365  369  302  306  366  370  
366  370  430  434  367  371  431  435  
367  371  431  435  368  372  432  436  
365  369  429  433  366  370  430  434  
430  434  494  498  431  435  495  499  
431  435  495  499  432  436  496  500  
429  433  493  497  430  434  494  498  
494  498  558  562  495  499  559  563  
495  499  559  563  496  500  560  564  
493  497  557  561  494  498  558  562  
558  562  622  626  559  563  623  627  
559  563  623  627  560  564  624  628  
557  561  621  625  558  562  622  626  
2  2  50  54  3  3  51  55  
3  3  51  55  4  4  52  56  
1  1  49  53  2  2  50  54  
50  54  114  118  51  55  115  119  
51  55  115  119  52  56  116  120  
49  53  113  117  50  54  114  118  
114  118  178  182  115  119  179  183  
115  119  179  183  116  120  180  184  
113  117  177  181  114  118  178  182  
178  182  242  246  179  183  243  247  
179  183  243  247  180  184  244  248  
177  181  241  245  178  182  242  246  
242  246  306  310  243  247  307  311  
243  247  307  311  244  248  308  312  
241  245  305  309  242  246  306  310  
306  310  370  374  307  311  371  375  
307  311  371  375  308  312  372  376  
305  309  369  373  306  310  370  374  
370  374  434  438  371  375  435  439  
371  375  435  439  372  376  436  440  
369  373  433  437  370  374  434  438  
434  438  498  502  435  439  499  503  
435  439  499  503  436  440  500  504  
433  437  497  501  434  438  498  502  
498  502  562  566  499  503  563  567  
499  503  563  567  500  504  564  568  
497  501  561  565  498  502  562  566  
562  566  626  630  563  567  627  631  
563  567  627  631  564  568  628  632  
561  565  625  629  562  566  626  630  
2  2  54  58  3  3  55  59  
3  3  55  59  4  4  56  60  
1  1  53  57  2  2  54  58  
54  58  118  122  55  59  119  123  
55  59  119  123  56  60  120  124  
53  57  117  121  54  58  118  122  
118  122  182  186  119  123  183  187  
119  123  183  187  120  124  184  188  
117  121  181  185  118  122  182  186  
182  186  246  250  183  187  247  251  
183  187  247  251  184  188  248  252  
181  185  245  249  182  186  246  250  
246  250  310  314  247  251  311  315  
247  251  311  315  248  252  312  316  
245  249  309  313  246  250  310  314  
310  314  374  378  311  315  375  379  
311  315  375  379  312  316  376  380  
309  313  373  377  310  314  374  378  
374  378  438  442  375  379  439  443  
375  379  439  443  376  380  440  444  
373  377  437  441  374  378  438  442  
438  442  502  506  439  443  503  507  
439  443  503  507  440  444  504  508  
437  441  501  505  438  442  502  506  
502  506  566  570  503  507  567  571  
503  507  567  571  504  508  568  572  
501  505  565  569  502  506  566  570  
566  570  630  634  567  571  631  635  
567  571  631  635  568  572  632  636  
565  569  629  633  566  570  630  634  
2  2  58  62  3  3  59  63  
3  3  59  63  4  4  60  64  
1  1  57  61  2  2  58  62  
58  62  122  126  59  63  123  127  
59  63  123  127  60  64  124  128  
57  61  121  125  58  62  122  126  
122  126  186  190  123  127  187  191  
123  127  187  191  124  128  188  192  
121  125  185  189  122  126  186  190  
186  190  250  254  187  191  251  255  
187  191  251  255  188  192  252  256  
185  189  249  253  186  190  250  254  
250  254  314  318  251  255  315  319  
251  255  315  319  252  256  316  320  
249  253  313  317  250  254  314  318  
314  318  378  382  315  319  379  383  
315  319  379  383  316  320  380  384  
313  317  377  381  314  318  378  382  
378  382  442  446  379  383  443  447  
379  383  443  447  380  384  444  448  
377  381  441  445  378  382  442  446  
442  446  506  510  443  447  507  511  
443  447  507  511  444  448  508  512  
441  445  505  509  442  446  506  510  
506  510  570  574  507  511  571  575  
507  511  571  575  508  512  572  576  
505  509  569  573  506  510  570  574  
570  574  634  638  571  575  635  639  
571  575  635  639  572  576  636  640  
569  573  633  637  570  574  634  638  
2  2  62  66  3  3  63  67  
3  3  63  67  4  4  64  68  
1  1  61  65  2  2  62  66  
62  66  126  130  63  67  127  131  
63  67  127  131  64  68  128  132  
61  65  125  129  62  66  126  130  
126  130  190  194  127  131  191  195  
127  131  191  195  128  132  192  196  
125  129  189  193  126  130  190  194  
190  194  254  258  191  195  255  259  
191  195  255  259  192  196  256  260  
189  193  253  257  190  194  254  258  
254  258  318  322  255  259  319  323  
255  259  319  323  256  260  320  324  
253  257  317  321  254  258  318  322  
318  322  382  386  319  323  383  387  
319  323  383  387  320  324  384  388  
317  321  381  385  318  322  382  386  
382  386  446  450  383  387  447  451  
383  387  447  451  384  388  448  452  
381  385  445  449  382  386  446  450  
446  450  510  514  447  451  511  515  
447  451  511  515  448  452  512  516  
445  449  509  513  446  450  510  514  
510  514  574  578  511  515  575  579  
511  515  575  579  512  516  576  580  
509  513  573  577  510  514  574  578  
574  578  638  642  575  579  639  643  
575  579  639  643  576  580  640  644  
573  577  637  641  574  578  638  642  
2  2  66  6  3  3  67  7  
3  3  67  7  4  4  68  8  
1  1  65  5  2  2  66  6  
66  6  130  70  67  7  131  71  
67  7  131  71  68  8  132  72  
65  5  129  69  66  6  130  70  
130  70  194  134  131  71  195  135  
131  71  195  135  132  72  196  136  
129  69  193  133  130  70  194  134  
194  134  258  198  195  135  259  199  
195  135  259  199  196  136  260  200  
193  133  257  197  194  134  258  198  
258  198  322  262  259  199  323  263  
259  199  323  263  260  200  324  264  
257  197  321  261  258  198  322  262  
322  262  386  326  323  263  387  327  
323  263  387  327  324  264  388  328  
321  261  385  325  322  262  386  326  
386  326  450  390  387  327  451  391  
387  327  451  391  388  328  452  392  
385  325  449  389  386  326  450  390  
450  390  514  454  451  391  515  455  
451  391  515  455  452  392  516  456  
449  389  513  453  450  390  514  454  
514  454  578  518  515  455  579  519  
515  455  579  519  516  456  580  520  
513  453  577  517  514  454  578  518  
578  518  642  582  579  519  643  583  
579  519  643  583  580  520  644  584  
577  517  641  581  578  518  642  582  

