#number_of_nodes
224
#nodes
581
582
583
584
585
586
587
588
589
590
591
592
593
594
595
596
597
598
599
600
601
602
603
604
605
606
607
608
609
610
611
612
613
614
615
616
617
618
619
620
621
622
623
624
625
626
627
628
629
630
631
632
633
634
635
636
637
638
639
640
641
642
643
644
967
971
972
973
977
981
982
983
987
991
995
996
997
1216
1219
1220
1223
1226
1227
1230
1233
1236
1237
1456
1459
1460
1463
1466
1467
1470
1473
1476
1477
1696
1699
1700
1703
1706
1707
1710
1713
1716
1717
1936
1939
1940
1943
1946
1947
1950
1953
1956
1957
2176
2179
2180
2183
2186
2187
2190
2193
2196
2197
2416
2419
2420
2423
2426
2427
2430
2433
2436
2437
2656
2659
2660
2663
2666
2667
2670
2673
2676
2677
2896
2899
2900
2903
2906
2907
2910
2913
2916
2917
3136
3139
3140
3143
3146
3147
3150
3153
3156
3157
3376
3379
3380
3383
3386
3387
3390
3393
3396
3397
3616
3619
3620
3623
3626
3627
3630
3633
3636
3637
3856
3859
3860
3863
3866
3867
3870
3873
3876
3877
4096
4099
4100
4103
4106
4107
4110
4113
4116
4117
4336
4339
4340
4343
4346
4347
4350
4353
4356
4357
4485
4487
4489
4491
4493
4495
4497

