#number_of_nodes
642
#nodes
1
5
9
13
17
21
25
29
33
37
41
45
49
53
57
61
65
69
73
77
81
85
89
93
97
101
105
109
113
117
121
125
129
133
137
141
145
149
153
157
161
165
169
173
177
181
185
189
193
197
201
205
209
213
217
221
225
229
233
237
241
245
249
253
257
261
265
269
273
277
281
285
289
293
297
301
305
309
313
317
321
325
329
333
337
341
345
349
353
357
361
365
369
373
377
381
385
389
393
397
401
405
409
413
417
421
425
429
433
437
441
445
449
453
457
461
465
469
473
477
481
485
489
493
497
501
505
509
513
517
521
525
529
533
537
541
545
549
553
557
561
565
569
573
577
581
585
589
593
597
601
605
609
613
617
621
625
629
633
637
641
678
679
680
681
682
716
717
718
719
750
751
752
753
784
785
786
787
818
819
820
821
852
853
854
855
886
887
888
889
920
921
922
923
954
955
956
957
988
989
990
991
1015
1016
1017
1039
1040
1041
1063
1064
1065
1087
1088
1089
1111
1112
1113
1135
1136
1137
1159
1160
1161
1183
1184
1185
1207
1208
1209
1231
1232
1233
1255
1256
1257
1279
1280
1281
1303
1304
1305
1327
1328
1329
1351
1352
1353
1375
1376
1377
1399
1400
1401
1423
1424
1425
1447
1448
1449
1471
1472
1473
1495
1496
1497
1519
1520
1521
1543
1544
1545
1567
1568
1569
1591
1592
1593
1615
1616
1617
1639
1640
1641
1663
1664
1665
1687
1688
1689
1711
1712
1713
1735
1736
1737
1759
1760
1761
1783
1784
1785
1807
1808
1809
1831
1832
1833
1855
1856
1857
1879
1880
1881
1903
1904
1905
1927
1928
1929
1951
1952
1953
1975
1976
1977
1999
2000
2001
2023
2024
2025
2047
2048
2049
2071
2072
2073
2095
2096
2097
2119
2120
2121
2143
2144
2145
2167
2168
2169
2191
2192
2193
2215
2216
2217
2239
2240
2241
2263
2264
2265
2287
2288
2289
2311
2312
2313
2335
2336
2337
2359
2360
2361
2383
2384
2385
2407
2408
2409
2431
2432
2433
2455
2456
2457
2479
2480
2481
2503
2504
2505
2527
2528
2529
2551
2552
2553
2575
2576
2577
2599
2600
2601
2623
2624
2625
2647
2648
2649
2671
2672
2673
2695
2696
2697
2719
2720
2721
2743
2744
2745
2767
2768
2769
2791
2792
2793
2815
2816
2817
2839
2840
2841
2863
2864
2865
2887
2888
2889
2911
2912
2913
2935
2936
2937
2959
2960
2961
2983
2984
2985
3007
3008
3009
3031
3032
3033
3055
3056
3057
3079
3080
3081
3103
3104
3105
3127
3128
3129
3151
3152
3153
3175
3176
3177
3199
3200
3201
3223
3224
3225
3247
3248
3249
3271
3272
3273
3295
3296
3297
3319
3320
3321
3343
3344
3345
3367
3368
3369
3391
3392
3393
3415
3416
3417
3439
3440
3441
3463
3464
3465
3487
3488
3489
3511
3512
3513
3535
3536
3537
3559
3560
3561
3583
3584
3585
3607
3608
3609
3631
3632
3633
3655
3656
3657
3679
3680
3681
3703
3704
3705
3727
3728
3729
3751
3752
3753
3775
3776
3777
3799
3800
3801
3823
3824
3825
3847
3848
3849
3871
3872
3873
3895
3896
3897
3919
3920
3921
3943
3944
3945
3967
3968
3969
3991
3992
3993
4015
4016
4017
4039
4040
4041
4063
4064
4065
4087
4088
4089
4111
4112
4113
4135
4136
4137
4159
4160
4161
4183
4184
4185
4207
4208
4209
4231
4232
4233
4255
4256
4257
4279
4280
4281
4303
4304
4305
4327
4328
4329
4351
4352
4353
4368
4369
4382
4383
4396
4397
4410
4411
4424
4425
4438
4439
4452
4453
4466
4467
4480
4481
4494
4495

