#number_of_nodes
642
#nodes
4
8
12
16
20
24
28
32
36
40
44
48
52
56
60
64
68
72
76
80
84
88
92
96
100
104
108
112
116
120
124
128
132
136
140
144
148
152
156
160
164
168
172
176
180
184
188
192
196
200
204
208
212
216
220
224
228
232
236
240
244
248
252
256
260
264
268
272
276
280
284
288
292
296
300
304
308
312
316
320
324
328
332
336
340
344
348
352
356
360
364
368
372
376
380
384
388
392
396
400
404
408
412
416
420
424
428
432
436
440
444
448
452
456
460
464
468
472
476
480
484
488
492
496
500
504
508
512
516
520
524
528
532
536
540
544
548
552
556
560
564
568
572
576
580
584
588
592
596
600
604
608
612
616
620
624
628
632
636
640
644
673
674
675
676
677
712
713
714
715
746
747
748
749
780
781
782
783
814
815
816
817
848
849
850
851
882
883
884
885
916
917
918
919
950
951
952
953
984
985
986
987
1012
1013
1014
1036
1037
1038
1060
1061
1062
1084
1085
1086
1108
1109
1110
1132
1133
1134
1156
1157
1158
1180
1181
1182
1204
1205
1206
1228
1229
1230
1252
1253
1254
1276
1277
1278
1300
1301
1302
1324
1325
1326
1348
1349
1350
1372
1373
1374
1396
1397
1398
1420
1421
1422
1444
1445
1446
1468
1469
1470
1492
1493
1494
1516
1517
1518
1540
1541
1542
1564
1565
1566
1588
1589
1590
1612
1613
1614
1636
1637
1638
1660
1661
1662
1684
1685
1686
1708
1709
1710
1732
1733
1734
1756
1757
1758
1780
1781
1782
1804
1805
1806
1828
1829
1830
1852
1853
1854
1876
1877
1878
1900
1901
1902
1924
1925
1926
1948
1949
1950
1972
1973
1974
1996
1997
1998
2020
2021
2022
2044
2045
2046
2068
2069
2070
2092
2093
2094
2116
2117
2118
2140
2141
2142
2164
2165
2166
2188
2189
2190
2212
2213
2214
2236
2237
2238
2260
2261
2262
2284
2285
2286
2308
2309
2310
2332
2333
2334
2356
2357
2358
2380
2381
2382
2404
2405
2406
2428
2429
2430
2452
2453
2454
2476
2477
2478
2500
2501
2502
2524
2525
2526
2548
2549
2550
2572
2573
2574
2596
2597
2598
2620
2621
2622
2644
2645
2646
2668
2669
2670
2692
2693
2694
2716
2717
2718
2740
2741
2742
2764
2765
2766
2788
2789
2790
2812
2813
2814
2836
2837
2838
2860
2861
2862
2884
2885
2886
2908
2909
2910
2932
2933
2934
2956
2957
2958
2980
2981
2982
3004
3005
3006
3028
3029
3030
3052
3053
3054
3076
3077
3078
3100
3101
3102
3124
3125
3126
3148
3149
3150
3172
3173
3174
3196
3197
3198
3220
3221
3222
3244
3245
3246
3268
3269
3270
3292
3293
3294
3316
3317
3318
3340
3341
3342
3364
3365
3366
3388
3389
3390
3412
3413
3414
3436
3437
3438
3460
3461
3462
3484
3485
3486
3508
3509
3510
3532
3533
3534
3556
3557
3558
3580
3581
3582
3604
3605
3606
3628
3629
3630
3652
3653
3654
3676
3677
3678
3700
3701
3702
3724
3725
3726
3748
3749
3750
3772
3773
3774
3796
3797
3798
3820
3821
3822
3844
3845
3846
3868
3869
3870
3892
3893
3894
3916
3917
3918
3940
3941
3942
3964
3965
3966
3988
3989
3990
4012
4013
4014
4036
4037
4038
4060
4061
4062
4084
4085
4086
4108
4109
4110
4132
4133
4134
4156
4157
4158
4180
4181
4182
4204
4205
4206
4228
4229
4230
4252
4253
4254
4276
4277
4278
4300
4301
4302
4324
4325
4326
4348
4349
4350
4366
4367
4380
4381
4394
4395
4408
4409
4422
4423
4436
4437
4450
4451
4464
4465
4478
4479
4492
4493

