81
0.0000000000000000E+00 0.0000000000000000E+00 
5.0000000000000000E-01 0.0000000000000000E+00 
1.0000000000000000E+00 0.0000000000000000E+00 
0.0000000000000000E+00 5.0000000000000000E-01 
5.0000000000000000E-01 5.0000000000000000E-01 
1.0000000000000000E+00 5.0000000000000000E-01 
0.0000000000000000E+00 1.0000000000000000E+00 
5.0000000000000000E-01 1.0000000000000000E+00 
1.0000000000000000E+00 1.0000000000000000E+00 
0.0000000000000000E+00 0.0000000000000000E+00 
5.0000000000000000E-01 0.0000000000000000E+00 
1.0000000000000000E+00 0.0000000000000000E+00 
0.0000000000000000E+00 5.0000000000000000E-01 
5.0000000000000000E-01 5.0000000000000000E-01 
1.0000000000000000E+00 5.0000000000000000E-01 
0.0000000000000000E+00 1.0000000000000000E+00 
5.0000000000000000E-01 1.0000000000000000E+00 
1.0000000000000000E+00 1.0000000000000000E+00 
0.0000000000000000E+00 0.0000000000000000E+00 
5.0000000000000000E-01 0.0000000000000000E+00 
1.0000000000000000E+00 0.0000000000000000E+00 
0.0000000000000000E+00 5.0000000000000000E-01 
5.0000000000000000E-01 5.0000000000000000E-01 
1.0000000000000000E+00 5.0000000000000000E-01 
0.0000000000000000E+00 1.0000000000000000E+00 
5.0000000000000000E-01 1.0000000000000000E+00 
1.0000000000000000E+00 1.0000000000000000E+00 
0.0000000000000000E+00 0.0000000000000000E+00 
5.0000000000000000E-01 0.0000000000000000E+00 
1.0000000000000000E+00 0.0000000000000000E+00 
0.0000000000000000E+00 5.0000000000000000E-01 
5.0000000000000000E-01 5.0000000000000000E-01 
1.0000000000000000E+00 5.0000000000000000E-01 
0.0000000000000000E+00 1.0000000000000000E+00 
5.0000000000000000E-01 1.0000000000000000E+00 
1.0000000000000000E+00 1.0000000000000000E+00 
0.0000000000000000E+00 0.0000000000000000E+00 
5.0000000000000000E-01 0.0000000000000000E+00 
1.0000000000000000E+00 0.0000000000000000E+00 
0.0000000000000000E+00 5.0000000000000000E-01 
5.0000000000000000E-01 5.0000000000000000E-01 
1.0000000000000000E+00 5.0000000000000000E-01 
0.0000000000000000E+00 1.0000000000000000E+00 
5.0000000000000000E-01 1.0000000000000000E+00 
1.0000000000000000E+00 1.0000000000000000E+00 
0.0000000000000000E+00 0.0000000000000000E+00 
5.0000000000000000E-01 0.0000000000000000E+00 
1.0000000000000000E+00 0.0000000000000000E+00 
0.0000000000000000E+00 5.0000000000000000E-01 
5.0000000000000000E-01 5.0000000000000000E-01 
1.0000000000000000E+00 5.0000000000000000E-01 
0.0000000000000000E+00 1.0000000000000000E+00 
5.0000000000000000E-01 1.0000000000000000E+00 
1.0000000000000000E+00 1.0000000000000000E+00 
0.0000000000000000E+00 0.0000000000000000E+00 
5.0000000000000000E-01 0.0000000000000000E+00 
1.0000000000000000E+00 0.0000000000000000E+00 
0.0000000000000000E+00 5.0000000000000000E-01 
5.0000000000000000E-01 5.0000000000000000E-01 
1.0000000000000000E+00 5.0000000000000000E-01 
0.0000000000000000E+00 1.0000000000000000E+00 
5.0000000000000000E-01 1.0000000000000000E+00 
1.0000000000000000E+00 1.0000000000000000E+00 
0.0000000000000000E+00 0.0000000000000000E+00 
5.0000000000000000E-01 0.0000000000000000E+00 
1.0000000000000000E+00 0.0000000000000000E+00 
0.0000000000000000E+00 5.0000000000000000E-01 
5.0000000000000000E-01 5.0000000000000000E-01 
1.0000000000000000E+00 5.0000000000000000E-01 
0.0000000000000000E+00 1.0000000000000000E+00 
5.0000000000000000E-01 1.0000000000000000E+00 
1.0000000000000000E+00 1.0000000000000000E+00 
0.0000000000000000E+00 0.0000000000000000E+00 
5.0000000000000000E-01 0.0000000000000000E+00 
1.0000000000000000E+00 0.0000000000000000E+00 
0.0000000000000000E+00 5.0000000000000000E-01 
5.0000000000000000E-01 5.0000000000000000E-01 
1.0000000000000000E+00 5.0000000000000000E-01 
0.0000000000000000E+00 1.0000000000000000E+00 
5.0000000000000000E-01 1.0000000000000000E+00 
1.0000000000000000E+00 1.0000000000000000E+00 
