Analytic error analysis:

Field 4 : Field 4

Variable 1 : U

Component 1 : 1

Nodal errors:
     Node#  Deriv#     Numerical      Analytic       % error  Absolute err  Relative err
         1       1   0.10580E+01   0.10573E+01  -0.73198E-01   0.77390E-03  -0.37618E-03
         2       1   0.11055E+01   0.11047E+01  -0.71303E-01   0.78767E-03  -0.37425E-03
         6       1   0.74814E+00   0.74760E+00  -0.72007E-01   0.53832E-03  -0.30803E-03
         7       1   0.78162E+00   0.78112E+00  -0.63270E-01   0.49422E-03  -0.27748E-03
         8       1   0.81525E+00   0.81480E+00  -0.55274E-01   0.45037E-03  -0.24817E-03
         9       1   0.84903E+00   0.84862E+00  -0.47934E-01   0.40678E-03  -0.22004E-03
        10       1   0.88292E+00   0.88255E+00  -0.41179E-01   0.36343E-03  -0.19305E-03
        11       1   0.00000E+00   0.64739E-16   0.00000E+00   0.64739E-16   0.64739E-16
        12       1  -0.53635E-04   0.67642E-16   0.00000E+00   0.53635E-04   0.53635E-04
        13       1  -0.10752E-03   0.70558E-16   0.00000E+00   0.10752E-03   0.10752E-03
        14       1  -0.16163E-03   0.73487E-16   0.00000E+00   0.16163E-03   0.16163E-03
        15       1  -0.21593E-03   0.76425E-16   0.00000E+00   0.21593E-03   0.21593E-03
        16       1  -0.74744E+00  -0.74760E+00   0.21548E-01   0.16109E-03  -0.63825E-03
        17       1  -0.78099E+00  -0.78112E+00   0.16560E-01   0.12935E-03  -0.59098E-03
        18       1  -0.81471E+00  -0.81480E+00   0.11906E-01   0.97008E-04  -0.52381E-03
        19       1  -0.84855E+00  -0.84862E+00   0.75539E-02   0.64104E-04  -0.42346E-03
        20       1  -0.88252E+00  -0.88255E+00   0.34762E-02   0.30679E-04  -0.26122E-03
        21       1  -0.10556E+01  -0.10573E+01   0.15299E+00   0.16175E-02   0.28247E-01
        22       1  -0.11031E+01  -0.11047E+01   0.14518E+00   0.16038E-02   0.15322E-01
        23       1  -0.11507E+01  -0.11523E+01   0.13807E+00   0.15910E-02   0.10446E-01
        24       1  -0.11985E+01  -0.12001E+01   0.13158E+00   0.15791E-02   0.78904E-02
        25       1  -0.12466E+01  -0.12481E+01   0.12563E+00   0.15681E-02   0.63197E-02
        26       1  -0.74575E+00  -0.74760E+00   0.24788E+00   0.18532E-02  -0.73422E-02
        27       1  -0.77923E+00  -0.78112E+00   0.24289E+00   0.18973E-02  -0.86682E-02
        28       1  -0.81286E+00  -0.81480E+00   0.23823E+00   0.19411E-02  -0.10481E-01
        29       1  -0.84663E+00  -0.84862E+00   0.23388E+00   0.19847E-02  -0.13111E-01
        30       1  -0.88053E+00  -0.88255E+00   0.22980E+00   0.20281E-02  -0.17268E-01
        31       1   0.23915E-02  -0.17002E-15   0.00000E+00   0.23915E-02  -0.23915E-02
        32       1   0.24452E-02  -0.17765E-15   0.00000E+00   0.24452E-02  -0.24452E-02
        36       1   0.74983E+00   0.74760E+00  -0.29835E+00   0.22305E-02  -0.12763E-02
        37       1   0.78339E+00   0.78112E+00  -0.28961E+00   0.22622E-02  -0.12701E-02
        41       1   0.10580E+01   0.10573E+01  -0.73201E-01   0.77393E-03  -0.37619E-03
        42       1   0.11055E+01   0.11047E+01  -0.71306E-01   0.78770E-03  -0.37426E-03
        46       1   0.74814E+00   0.74760E+00  -0.72015E-01   0.53838E-03  -0.30807E-03
        47       1   0.78162E+00   0.78112E+00  -0.63279E-01   0.49429E-03  -0.27751E-03
        48       1   0.81525E+00   0.81480E+00  -0.55282E-01   0.45044E-03  -0.24820E-03
        49       1   0.84903E+00   0.84862E+00  -0.47942E-01   0.40684E-03  -0.22008E-03
        50       1   0.88292E+00   0.88255E+00  -0.41186E-01   0.36349E-03  -0.19309E-03
        51       1   0.16090E-06   0.64739E-16   0.00000E+00   0.16090E-06  -0.16090E-06
        52       1  -0.53493E-04   0.67642E-16   0.00000E+00   0.53493E-04   0.53493E-04
        53       1  -0.10739E-03   0.70558E-16   0.00000E+00   0.10739E-03   0.10739E-03
        54       1  -0.16151E-03   0.73487E-16   0.00000E+00   0.16151E-03   0.16151E-03
        55       1  -0.21582E-03   0.76425E-16   0.00000E+00   0.21582E-03   0.21582E-03
        56       1  -0.74744E+00  -0.74760E+00   0.21554E-01   0.16114E-03  -0.63842E-03
        57       1  -0.78099E+00  -0.78112E+00   0.16566E-01   0.12940E-03  -0.59121E-03
        58       1  -0.81471E+00  -0.81480E+00   0.11912E-01   0.97062E-04  -0.52410E-03
        59       1  -0.84855E+00  -0.84862E+00   0.75607E-02   0.64162E-04  -0.42384E-03
        60       1  -0.88252E+00  -0.88255E+00   0.34831E-02   0.30741E-04  -0.26174E-03
        61       1  -0.10556E+01  -0.10573E+01   0.15299E+00   0.16175E-02   0.28247E-01
        62       1  -0.11031E+01  -0.11047E+01   0.14518E+00   0.16038E-02   0.15321E-01
        63       1  -0.11507E+01  -0.11523E+01   0.13807E+00   0.15909E-02   0.10446E-01
        64       1  -0.11985E+01  -0.12001E+01   0.13157E+00   0.15791E-02   0.78902E-02
        65       1  -0.12466E+01  -0.12481E+01   0.12563E+00   0.15680E-02   0.63196E-02
        66       1  -0.74575E+00  -0.74760E+00   0.24788E+00   0.18532E-02  -0.73421E-02
        67       1  -0.77923E+00  -0.78112E+00   0.24289E+00   0.18973E-02  -0.86682E-02
        68       1  -0.81286E+00  -0.81480E+00   0.23823E+00   0.19411E-02  -0.10481E-01
        69       1  -0.84663E+00  -0.84862E+00   0.23388E+00   0.19847E-02  -0.13111E-01
        70       1  -0.88053E+00  -0.88255E+00   0.22980E+00   0.20281E-02  -0.17268E-01
        71       1   0.23915E-02  -0.17002E-15   0.00000E+00   0.23915E-02  -0.23915E-02
        72       1   0.24452E-02  -0.17765E-15   0.00000E+00   0.24452E-02  -0.24452E-02
        76       1   0.74983E+00   0.74760E+00  -0.29835E+00   0.22305E-02  -0.12763E-02
        77       1   0.78339E+00   0.78112E+00  -0.28961E+00   0.22622E-02  -0.12701E-02
        81       1   0.10580E+01   0.10573E+01  -0.73201E-01   0.77393E-03  -0.37619E-03
        82       1   0.11055E+01   0.11047E+01  -0.71306E-01   0.78770E-03  -0.37426E-03
        86       1   0.74814E+00   0.74760E+00  -0.72021E-01   0.53843E-03  -0.30810E-03
        87       1   0.78162E+00   0.78112E+00  -0.63284E-01   0.49433E-03  -0.27754E-03
        88       1   0.81525E+00   0.81480E+00  -0.55287E-01   0.45048E-03  -0.24823E-03
        89       1   0.84903E+00   0.84862E+00  -0.47947E-01   0.40688E-03  -0.22010E-03
        90       1   0.88292E+00   0.88255E+00  -0.41191E-01   0.36353E-03  -0.19311E-03
        91       1   0.17182E-06   0.64739E-16   0.00000E+00   0.17182E-06  -0.17182E-06
        92       1  -0.53478E-04   0.67642E-16   0.00000E+00   0.53478E-04   0.53478E-04
        93       1  -0.10738E-03   0.70558E-16   0.00000E+00   0.10738E-03   0.10738E-03
        94       1  -0.16149E-03   0.73487E-16   0.00000E+00   0.16149E-03   0.16149E-03
        95       1  -0.21580E-03   0.76425E-16   0.00000E+00   0.21580E-03   0.21580E-03
        96       1  -0.74744E+00  -0.74760E+00   0.21560E-01   0.16118E-03  -0.63860E-03
        97       1  -0.78099E+00  -0.78112E+00   0.16571E-01   0.12944E-03  -0.59140E-03
        98       1  -0.81471E+00  -0.81480E+00   0.11917E-01   0.97101E-04  -0.52431E-03
        99       1  -0.84855E+00  -0.84862E+00   0.75651E-02   0.64199E-04  -0.42409E-03
       100       1  -0.88252E+00  -0.88255E+00   0.34870E-02   0.30775E-04  -0.26204E-03
       101       1  -0.10556E+01  -0.10573E+01   0.15300E+00   0.16176E-02   0.28248E-01
       102       1  -0.11031E+01  -0.11047E+01   0.14518E+00   0.16038E-02   0.15322E-01
       103       1  -0.11507E+01  -0.11523E+01   0.13807E+00   0.15910E-02   0.10446E-01
       104       1  -0.11985E+01  -0.12001E+01   0.13158E+00   0.15791E-02   0.78905E-02
       105       1  -0.12466E+01  -0.12481E+01   0.12564E+00   0.15681E-02   0.63198E-02
       106       1  -0.74575E+00  -0.74760E+00   0.24788E+00   0.18532E-02  -0.73421E-02
       107       1  -0.77923E+00  -0.78112E+00   0.24289E+00   0.18973E-02  -0.86682E-02
       108       1  -0.81286E+00  -0.81480E+00   0.23823E+00   0.19411E-02  -0.10481E-01
       109       1  -0.84663E+00  -0.84862E+00   0.23388E+00   0.19847E-02  -0.13111E-01
       110       1  -0.88053E+00  -0.88255E+00   0.22980E+00   0.20281E-02  -0.17268E-01
       111       1   0.23915E-02  -0.17002E-15   0.00000E+00   0.23915E-02  -0.23915E-02
       112       1   0.24451E-02  -0.17765E-15   0.00000E+00   0.24451E-02  -0.24451E-02
       116       1   0.74983E+00   0.74760E+00  -0.29835E+00   0.22305E-02  -0.12763E-02
       117       1   0.78339E+00   0.78112E+00  -0.28961E+00   0.22622E-02  -0.12701E-02
         3       1   0.11531E+01   0.11523E+01  -0.69468E-01   0.80048E-03  -0.37192E-03
         4       1   0.12009E+01   0.12001E+01  -0.67690E-01   0.81237E-03  -0.36924E-03
         5       1   0.12489E+01   0.12481E+01  -0.65970E-01   0.82339E-03  -0.36626E-03
        33       1   0.24990E-02  -0.18530E-15   0.00000E+00   0.24990E-02  -0.24990E-02
        34       1   0.25532E-02  -0.19300E-15   0.00000E+00   0.25532E-02  -0.25532E-02
        35       1   0.26075E-02  -0.20071E-15   0.00000E+00   0.26075E-02  -0.26075E-02
        38       1   0.81710E+00   0.81480E+00  -0.28161E+00   0.22946E-02  -0.12644E-02
        39       1   0.85095E+00   0.84862E+00  -0.27427E+00   0.23275E-02  -0.12590E-02
        40       1   0.88492E+00   0.88255E+00  -0.26751E+00   0.23609E-02  -0.12541E-02
        43       1   0.11531E+01   0.11523E+01  -0.69470E-01   0.80050E-03  -0.37193E-03
        44       1   0.12009E+01   0.12001E+01  -0.67692E-01   0.81239E-03  -0.36925E-03
        45       1   0.12489E+01   0.12481E+01  -0.65972E-01   0.82341E-03  -0.36627E-03
        73       1   0.24991E-02  -0.18530E-15   0.00000E+00   0.24991E-02  -0.24991E-02
        74       1   0.25532E-02  -0.19300E-15   0.00000E+00   0.25532E-02  -0.25532E-02
        75       1   0.26075E-02  -0.20071E-15   0.00000E+00   0.26075E-02  -0.26075E-02
        78       1   0.81710E+00   0.81480E+00  -0.28161E+00   0.22946E-02  -0.12644E-02
        79       1   0.85095E+00   0.84862E+00  -0.27427E+00   0.23275E-02  -0.12590E-02
        80       1   0.88492E+00   0.88255E+00  -0.26751E+00   0.23609E-02  -0.12541E-02
        83       1   0.11531E+01   0.11523E+01  -0.69470E-01   0.80051E-03  -0.37193E-03
        84       1   0.12009E+01   0.12001E+01  -0.67692E-01   0.81239E-03  -0.36925E-03
        85       1   0.12489E+01   0.12481E+01  -0.65972E-01   0.82341E-03  -0.36627E-03
       113       1   0.24990E-02  -0.18530E-15   0.00000E+00   0.24990E-02  -0.24990E-02
       114       1   0.25532E-02  -0.19300E-15   0.00000E+00   0.25532E-02  -0.25532E-02
       115       1   0.26075E-02  -0.20071E-15   0.00000E+00   0.26075E-02  -0.26075E-02
       118       1   0.81710E+00   0.81480E+00  -0.28161E+00   0.22946E-02  -0.12644E-02
       119       1   0.85095E+00   0.84862E+00  -0.27426E+00   0.23275E-02  -0.12590E-02
       120       1   0.88492E+00   0.88255E+00  -0.26751E+00   0.23609E-02  -0.12541E-02

Local RMS errors:
            Deriv#                                   % error  Absolute err  Relative err
                 1                               0.13700E+00   0.13406E-02   0.79715E-02
Local + Ghost RMS errors:
            Deriv#                                   % error  Absolute err  Relative err
                 1                               0.14333E+00   0.15290E-02   0.70615E-02
Global RMS errors:
            Deriv#                                   % error  Absolute err  Relative err
                 1                               0.14333E+00   0.15290E-02   0.70615E-02

Component 2 : 2

Nodal errors:
     Node#  Deriv#     Numerical      Analytic       % error  Absolute err  Relative err
         1       1   0.00000E+00   0.00000E+00   0.00000E+00   0.00000E+00   0.00000E+00
         2       1   0.53680E-04   0.00000E+00   0.00000E+00   0.53680E-04  -0.53680E-04
         6       1   0.74744E+00   0.74760E+00   0.21580E-01   0.16133E-03   0.92315E-04
         7       1   0.78099E+00   0.78112E+00   0.16586E-01   0.12955E-03   0.72738E-04
         8       1   0.81471E+00   0.81480E+00   0.11927E-01   0.97178E-04   0.53547E-04
         9       1   0.84855E+00   0.84862E+00   0.75700E-02   0.64240E-04   0.34750E-04
        10       1   0.88252E+00   0.88255E+00   0.34875E-02   0.30779E-04   0.16350E-04
        11       1   0.10556E+01   0.10573E+01   0.15306E+00   0.16182E-02   0.78659E-03
        12       1   0.11031E+01   0.11047E+01   0.14524E+00   0.16045E-02   0.76234E-03
        13       1   0.11507E+01   0.11523E+01   0.13813E+00   0.15917E-02   0.73953E-03
        14       1   0.11985E+01   0.12001E+01   0.13164E+00   0.15798E-02   0.71806E-03
        15       1   0.12466E+01   0.12481E+01   0.12569E+00   0.15688E-02   0.69784E-03
        16       1   0.74575E+00   0.74760E+00   0.24789E+00   0.18532E-02   0.10604E-02
        17       1   0.77923E+00   0.78112E+00   0.24289E+00   0.18973E-02   0.10652E-02
        18       1   0.81286E+00   0.81480E+00   0.23823E+00   0.19411E-02   0.10696E-02
        19       1   0.84663E+00   0.84862E+00   0.23387E+00   0.19846E-02   0.10736E-02
        20       1   0.88053E+00   0.88255E+00   0.22978E+00   0.20279E-02   0.10772E-02
        21       1  -0.23910E-02   0.12948E-15   0.00000E+00   0.23910E-02   0.23910E-02
        22       1  -0.24447E-02   0.13528E-15   0.00000E+00   0.24447E-02   0.24447E-02
        23       1  -0.24986E-02   0.14112E-15   0.00000E+00   0.24986E-02   0.24986E-02
        24       1  -0.25527E-02   0.14697E-15   0.00000E+00   0.25527E-02   0.25527E-02
        25       1  -0.26070E-02   0.15285E-15   0.00000E+00   0.26070E-02   0.26070E-02
        26       1  -0.74983E+00  -0.74760E+00  -0.29822E+00   0.22295E-02   0.88330E-02
        27       1  -0.78338E+00  -0.78112E+00  -0.28949E+00   0.22612E-02   0.10331E-01
        28       1  -0.81710E+00  -0.81480E+00  -0.28150E+00   0.22936E-02   0.12385E-01
        29       1  -0.85094E+00  -0.84862E+00  -0.27416E+00   0.23266E-02   0.15369E-01
        30       1  -0.88491E+00  -0.88255E+00  -0.26741E+00   0.23600E-02   0.20095E-01
        31       1  -0.10580E+01  -0.10573E+01  -0.73058E-01   0.77242E-03  -0.13489E-01
        32       1  -0.11055E+01  -0.11047E+01  -0.71166E-01   0.78615E-03  -0.75104E-02
        36       1  -0.74814E+00  -0.74760E+00  -0.71914E-01   0.53763E-03   0.21301E-02
        37       1  -0.78162E+00  -0.78112E+00  -0.63188E-01   0.49358E-03   0.22550E-02
        41       1   0.20049E-06   0.00000E+00   0.00000E+00   0.20049E-06  -0.20049E-06
        42       1   0.53857E-04   0.00000E+00   0.00000E+00   0.53857E-04  -0.53857E-04
        46       1   0.74744E+00   0.74760E+00   0.21570E-01   0.16126E-03   0.92274E-04
        47       1   0.78099E+00   0.78112E+00   0.16576E-01   0.12948E-03   0.72695E-04
        48       1   0.81471E+00   0.81480E+00   0.11917E-01   0.97100E-04   0.53505E-04
        49       1   0.84855E+00   0.84862E+00   0.75606E-02   0.64161E-04   0.34707E-04
        50       1   0.88252E+00   0.88255E+00   0.34784E-02   0.30699E-04   0.16307E-04
        51       1   0.10556E+01   0.10573E+01   0.15306E+00   0.16182E-02   0.78658E-03
        52       1   0.11031E+01   0.11047E+01   0.14524E+00   0.16045E-02   0.76233E-03
        53       1   0.11507E+01   0.11523E+01   0.13813E+00   0.15917E-02   0.73953E-03
        54       1   0.11985E+01   0.12001E+01   0.13164E+00   0.15798E-02   0.71806E-03
        55       1   0.12466E+01   0.12481E+01   0.12569E+00   0.15688E-02   0.69783E-03
        56       1   0.74575E+00   0.74760E+00   0.24789E+00   0.18532E-02   0.10604E-02
        57       1   0.77923E+00   0.78112E+00   0.24289E+00   0.18973E-02   0.10652E-02
        58       1   0.81286E+00   0.81480E+00   0.23823E+00   0.19411E-02   0.10696E-02
        59       1   0.84663E+00   0.84862E+00   0.23387E+00   0.19846E-02   0.10736E-02
        60       1   0.88053E+00   0.88255E+00   0.22978E+00   0.20280E-02   0.10772E-02
        61       1  -0.23910E-02   0.12948E-15   0.00000E+00   0.23910E-02   0.23910E-02
        62       1  -0.24447E-02   0.13528E-15   0.00000E+00   0.24447E-02   0.24447E-02
        63       1  -0.24986E-02   0.14112E-15   0.00000E+00   0.24986E-02   0.24986E-02
        64       1  -0.25527E-02   0.14697E-15   0.00000E+00   0.25527E-02   0.25527E-02
        65       1  -0.26070E-02   0.15285E-15   0.00000E+00   0.26070E-02   0.26070E-02
        66       1  -0.74983E+00  -0.74760E+00  -0.29822E+00   0.22295E-02   0.88330E-02
        67       1  -0.78338E+00  -0.78112E+00  -0.28949E+00   0.22612E-02   0.10331E-01
        68       1  -0.81710E+00  -0.81480E+00  -0.28150E+00   0.22936E-02   0.12385E-01
        69       1  -0.85094E+00  -0.84862E+00  -0.27416E+00   0.23266E-02   0.15369E-01
        70       1  -0.88491E+00  -0.88255E+00  -0.26741E+00   0.23600E-02   0.20095E-01
        71       1  -0.10580E+01  -0.10573E+01  -0.73053E-01   0.77236E-03  -0.13488E-01
        72       1  -0.11055E+01  -0.11047E+01  -0.71160E-01   0.78609E-03  -0.75098E-02
        76       1  -0.74814E+00  -0.74760E+00  -0.71905E-01   0.53756E-03   0.21298E-02
        77       1  -0.78162E+00  -0.78112E+00  -0.63179E-01   0.49350E-03   0.22547E-02
        81       1   0.23281E-06   0.00000E+00   0.00000E+00   0.23281E-06  -0.23281E-06
        82       1   0.53895E-04   0.00000E+00   0.00000E+00   0.53895E-04  -0.53895E-04
        86       1   0.74744E+00   0.74760E+00   0.21562E-01   0.16120E-03   0.92238E-04
        87       1   0.78099E+00   0.78112E+00   0.16568E-01   0.12942E-03   0.72661E-04
        88       1   0.81471E+00   0.81480E+00   0.11910E-01   0.97040E-04   0.53471E-04
        89       1   0.84855E+00   0.84862E+00   0.75536E-02   0.64101E-04   0.34675E-04
        90       1   0.88252E+00   0.88255E+00   0.34718E-02   0.30640E-04   0.16276E-04
        91       1   0.10556E+01   0.10573E+01   0.15305E+00   0.16182E-02   0.78657E-03
        92       1   0.11031E+01   0.11047E+01   0.14524E+00   0.16044E-02   0.76232E-03
        93       1   0.11507E+01   0.11523E+01   0.13813E+00   0.15917E-02   0.73952E-03
        94       1   0.11985E+01   0.12001E+01   0.13164E+00   0.15798E-02   0.71805E-03
        95       1   0.12466E+01   0.12481E+01   0.12569E+00   0.15688E-02   0.69782E-03
        96       1   0.74575E+00   0.74760E+00   0.24789E+00   0.18532E-02   0.10604E-02
        97       1   0.77923E+00   0.78112E+00   0.24289E+00   0.18973E-02   0.10652E-02
        98       1   0.81286E+00   0.81480E+00   0.23823E+00   0.19411E-02   0.10696E-02
        99       1   0.84663E+00   0.84862E+00   0.23387E+00   0.19846E-02   0.10736E-02
       100       1   0.88053E+00   0.88255E+00   0.22978E+00   0.20280E-02   0.10772E-02
       101       1  -0.23910E-02   0.12948E-15   0.00000E+00   0.23910E-02   0.23910E-02
       102       1  -0.24447E-02   0.13528E-15   0.00000E+00   0.24447E-02   0.24447E-02
       103       1  -0.24986E-02   0.14112E-15   0.00000E+00   0.24986E-02   0.24986E-02
       104       1  -0.25527E-02   0.14697E-15   0.00000E+00   0.25527E-02   0.25527E-02
       105       1  -0.26070E-02   0.15285E-15   0.00000E+00   0.26070E-02   0.26070E-02
       106       1  -0.74983E+00  -0.74760E+00  -0.29822E+00   0.22295E-02   0.88330E-02
       107       1  -0.78338E+00  -0.78112E+00  -0.28949E+00   0.22612E-02   0.10331E-01
       108       1  -0.81710E+00  -0.81480E+00  -0.28150E+00   0.22936E-02   0.12385E-01
       109       1  -0.85094E+00  -0.84862E+00  -0.27416E+00   0.23266E-02   0.15369E-01
       110       1  -0.88491E+00  -0.88255E+00  -0.26741E+00   0.23601E-02   0.20095E-01
       111       1  -0.10580E+01  -0.10573E+01  -0.73054E-01   0.77238E-03  -0.13488E-01
       112       1  -0.11055E+01  -0.11047E+01  -0.71162E-01   0.78611E-03  -0.75100E-02
       116       1  -0.74814E+00  -0.74760E+00  -0.71898E-01   0.53751E-03   0.21296E-02
       117       1  -0.78162E+00  -0.78112E+00  -0.63172E-01   0.49345E-03   0.22545E-02
         3       1   0.10760E-03   0.00000E+00   0.00000E+00   0.10760E-03  -0.10760E-03
         4       1   0.16173E-03   0.00000E+00   0.00000E+00   0.16173E-03  -0.16173E-03
         5       1   0.21605E-03   0.00000E+00   0.00000E+00   0.21605E-03  -0.21605E-03
        33       1  -0.11531E+01  -0.11523E+01  -0.69333E-01   0.79893E-03  -0.52456E-02
        34       1  -0.12009E+01  -0.12001E+01  -0.67558E-01   0.81079E-03  -0.40514E-02
        35       1  -0.12489E+01  -0.12481E+01  -0.65842E-01   0.82179E-03  -0.33121E-02
        38       1  -0.81525E+00  -0.81480E+00  -0.55200E-01   0.44977E-03   0.24286E-02
        39       1  -0.84902E+00  -0.84862E+00  -0.47868E-01   0.40622E-03   0.26834E-02
        40       1  -0.88292E+00  -0.88255E+00  -0.41121E-01   0.36291E-03   0.30901E-02
        43       1   0.10776E-03   0.00000E+00   0.00000E+00   0.10776E-03  -0.10776E-03
        44       1   0.16188E-03   0.00000E+00   0.00000E+00   0.16188E-03  -0.16188E-03
        45       1   0.21620E-03   0.00000E+00   0.00000E+00   0.21620E-03  -0.21620E-03
        73       1  -0.11531E+01  -0.11523E+01  -0.69327E-01   0.79886E-03  -0.52452E-02
        74       1  -0.12009E+01  -0.12001E+01  -0.67553E-01   0.81072E-03  -0.40510E-02
        75       1  -0.12489E+01  -0.12481E+01  -0.65837E-01   0.82172E-03  -0.33118E-02
        78       1  -0.81525E+00  -0.81480E+00  -0.55191E-01   0.44970E-03   0.24282E-02
        79       1  -0.84902E+00  -0.84862E+00  -0.47860E-01   0.40615E-03   0.26829E-02
        80       1  -0.88292E+00  -0.88255E+00  -0.41113E-01   0.36284E-03   0.30894E-02
        83       1   0.10780E-03   0.00000E+00   0.00000E+00   0.10780E-03  -0.10780E-03
        84       1   0.16192E-03   0.00000E+00   0.00000E+00   0.16192E-03  -0.16192E-03
        85       1   0.21624E-03   0.00000E+00   0.00000E+00   0.21624E-03  -0.21624E-03
       113       1  -0.11531E+01  -0.11523E+01  -0.69330E-01   0.79889E-03  -0.52453E-02
       114       1  -0.12009E+01  -0.12001E+01  -0.67555E-01   0.81075E-03  -0.40512E-02
       115       1  -0.12489E+01  -0.12481E+01  -0.65840E-01   0.82176E-03  -0.33119E-02
       118       1  -0.81525E+00  -0.81480E+00  -0.55184E-01   0.44964E-03   0.24279E-02
       119       1  -0.84902E+00  -0.84862E+00  -0.47853E-01   0.40609E-03   0.26825E-02
       120       1  -0.88292E+00  -0.88255E+00  -0.41106E-01   0.36278E-03   0.30889E-02

Local RMS errors:
            Deriv#                                   % error  Absolute err  Relative err
                 1                               0.16070E+00   0.17126E-02   0.63901E-02
Local + Ghost RMS errors:
            Deriv#                                   % error  Absolute err  Relative err
                 1                               0.14329E+00   0.15287E-02   0.57954E-02
Global RMS errors:
            Deriv#                                   % error  Absolute err  Relative err
                 1                               0.14329E+00   0.15287E-02   0.57954E-02

Component 3 : 3

Nodal errors:
     Node#  Deriv#     Numerical      Analytic       % error  Absolute err  Relative err
         1       1   0.00000E+00   0.00000E+00   0.00000E+00   0.00000E+00   0.00000E+00
         2       1   0.00000E+00   0.00000E+00   0.00000E+00   0.00000E+00   0.00000E+00
         6       1   0.00000E+00   0.00000E+00   0.00000E+00   0.00000E+00   0.00000E+00
         7       1   0.00000E+00   0.00000E+00   0.00000E+00   0.00000E+00   0.00000E+00
         8       1   0.00000E+00   0.00000E+00   0.00000E+00   0.00000E+00   0.00000E+00
         9       1   0.00000E+00   0.00000E+00   0.00000E+00   0.00000E+00   0.00000E+00
        10       1   0.00000E+00   0.00000E+00   0.00000E+00   0.00000E+00   0.00000E+00
        11       1   0.00000E+00   0.00000E+00   0.00000E+00   0.00000E+00   0.00000E+00
        12       1   0.00000E+00   0.00000E+00   0.00000E+00   0.00000E+00   0.00000E+00
        13       1   0.00000E+00   0.00000E+00   0.00000E+00   0.00000E+00   0.00000E+00
        14       1   0.00000E+00   0.00000E+00   0.00000E+00   0.00000E+00   0.00000E+00
        15       1   0.00000E+00   0.00000E+00   0.00000E+00   0.00000E+00   0.00000E+00
        16       1   0.00000E+00   0.00000E+00   0.00000E+00   0.00000E+00   0.00000E+00
        17       1   0.00000E+00   0.00000E+00   0.00000E+00   0.00000E+00   0.00000E+00
        18       1   0.00000E+00   0.00000E+00   0.00000E+00   0.00000E+00   0.00000E+00
        19       1   0.00000E+00   0.00000E+00   0.00000E+00   0.00000E+00   0.00000E+00
        20       1   0.00000E+00   0.00000E+00   0.00000E+00   0.00000E+00   0.00000E+00
        21       1   0.00000E+00   0.00000E+00   0.00000E+00   0.00000E+00   0.00000E+00
        22       1   0.00000E+00   0.00000E+00   0.00000E+00   0.00000E+00   0.00000E+00
        23       1   0.00000E+00   0.00000E+00   0.00000E+00   0.00000E+00   0.00000E+00
        24       1   0.00000E+00   0.00000E+00   0.00000E+00   0.00000E+00   0.00000E+00
        25       1   0.00000E+00   0.00000E+00   0.00000E+00   0.00000E+00   0.00000E+00
        26       1   0.00000E+00   0.00000E+00   0.00000E+00   0.00000E+00   0.00000E+00
        27       1   0.00000E+00   0.00000E+00   0.00000E+00   0.00000E+00   0.00000E+00
        28       1   0.00000E+00   0.00000E+00   0.00000E+00   0.00000E+00   0.00000E+00
        29       1   0.00000E+00   0.00000E+00   0.00000E+00   0.00000E+00   0.00000E+00
        30       1   0.00000E+00   0.00000E+00   0.00000E+00   0.00000E+00   0.00000E+00
        31       1   0.00000E+00   0.00000E+00   0.00000E+00   0.00000E+00   0.00000E+00
        32       1   0.00000E+00   0.00000E+00   0.00000E+00   0.00000E+00   0.00000E+00
        36       1   0.00000E+00   0.00000E+00   0.00000E+00   0.00000E+00   0.00000E+00
        37       1   0.00000E+00   0.00000E+00   0.00000E+00   0.00000E+00   0.00000E+00
        41       1   0.10000E+01   0.10000E+01   0.28774E-07   0.28774E-09   0.14387E-09
        42       1   0.10000E+01   0.10000E+01   0.10162E-06   0.10162E-08   0.50808E-09
        46       1   0.10000E+01   0.10000E+01   0.15715E-05   0.15715E-07   0.78573E-08
        47       1   0.10000E+01   0.10000E+01   0.20747E-05   0.20747E-07   0.10374E-07
        48       1   0.10000E+01   0.10000E+01   0.25692E-05   0.25692E-07   0.12846E-07
        49       1   0.10000E+01   0.10000E+01   0.30659E-05   0.30659E-07   0.15329E-07
        50       1   0.10000E+01   0.10000E+01   0.35799E-05   0.35799E-07   0.17900E-07
        51       1   0.10000E+01   0.10000E+01  -0.25009E-07   0.25009E-09  -0.12504E-09
        52       1   0.10000E+01   0.10000E+01   0.62427E-07   0.62427E-09   0.31214E-09
        53       1   0.10000E+01   0.10000E+01   0.14732E-06   0.14732E-08   0.73662E-09
        54       1   0.10000E+01   0.10000E+01   0.22932E-06   0.22932E-08   0.11466E-08
        55       1   0.10000E+01   0.10000E+01   0.30938E-06   0.30938E-08   0.15469E-08
        56       1   0.10000E+01   0.10000E+01  -0.72011E-06   0.72011E-08  -0.36005E-08
        57       1   0.10000E+01   0.10000E+01  -0.93207E-06   0.93207E-08  -0.46603E-08
        58       1   0.10000E+01   0.10000E+01  -0.11408E-05   0.11408E-07  -0.57038E-08
        59       1   0.10000E+01   0.10000E+01  -0.13532E-05   0.13532E-07  -0.67662E-08
        60       1   0.10000E+01   0.10000E+01  -0.15749E-05   0.15749E-07  -0.78747E-08
        61       1   0.10000E+01   0.10000E+01   0.93999E-07   0.93999E-09   0.47000E-09
        62       1   0.10000E+01   0.10000E+01   0.36463E-07   0.36463E-09   0.18231E-09
        63       1   0.10000E+01   0.10000E+01  -0.19478E-07   0.19478E-09  -0.97389E-10
        64       1   0.10000E+01   0.10000E+01  -0.73993E-07   0.73993E-09  -0.36997E-09
        65       1   0.10000E+01   0.10000E+01  -0.12712E-06   0.12712E-08  -0.63562E-09
        66       1   0.10000E+01   0.10000E+01   0.32870E-06   0.32870E-08   0.16435E-08
        67       1   0.10000E+01   0.10000E+01   0.34336E-06   0.34336E-08   0.17168E-08
        68       1   0.10000E+01   0.10000E+01   0.35836E-06   0.35836E-08   0.17918E-08
        69       1   0.10000E+01   0.10000E+01   0.37523E-06   0.37523E-08   0.18762E-08
        70       1   0.10000E+01   0.10000E+01   0.39530E-06   0.39530E-08   0.19765E-08
        71       1   0.10000E+01   0.10000E+01   0.15237E-06   0.15237E-08   0.76185E-09
        72       1   0.10000E+01   0.10000E+01   0.61875E-07   0.61875E-09   0.30937E-09
        76       1   0.10000E+01   0.10000E+01  -0.88906E-06   0.88906E-08  -0.44453E-08
        77       1   0.10000E+01   0.10000E+01  -0.11894E-05   0.11894E-07  -0.59468E-08
        81       1   0.20000E+01   0.20000E+01   0.00000E+00   0.00000E+00   0.00000E+00
        82       1   0.20000E+01   0.20000E+01   0.00000E+00   0.00000E+00   0.00000E+00
        86       1   0.20000E+01   0.20000E+01   0.00000E+00   0.00000E+00   0.00000E+00
        87       1   0.20000E+01   0.20000E+01   0.00000E+00   0.00000E+00   0.00000E+00
        88       1   0.20000E+01   0.20000E+01   0.00000E+00   0.00000E+00   0.00000E+00
        89       1   0.20000E+01   0.20000E+01   0.00000E+00   0.00000E+00   0.00000E+00
        90       1   0.20000E+01   0.20000E+01   0.00000E+00   0.00000E+00   0.00000E+00
        91       1   0.20000E+01   0.20000E+01   0.00000E+00   0.00000E+00   0.00000E+00
        92       1   0.20000E+01   0.20000E+01   0.00000E+00   0.00000E+00   0.00000E+00
        93       1   0.20000E+01   0.20000E+01   0.00000E+00   0.00000E+00   0.00000E+00
        94       1   0.20000E+01   0.20000E+01   0.00000E+00   0.00000E+00   0.00000E+00
        95       1   0.20000E+01   0.20000E+01   0.00000E+00   0.00000E+00   0.00000E+00
        96       1   0.20000E+01   0.20000E+01   0.00000E+00   0.00000E+00   0.00000E+00
        97       1   0.20000E+01   0.20000E+01   0.00000E+00   0.00000E+00   0.00000E+00
        98       1   0.20000E+01   0.20000E+01   0.00000E+00   0.00000E+00   0.00000E+00
        99       1   0.20000E+01   0.20000E+01   0.00000E+00   0.00000E+00   0.00000E+00
       100       1   0.20000E+01   0.20000E+01   0.00000E+00   0.00000E+00   0.00000E+00
       101       1   0.20000E+01   0.20000E+01   0.00000E+00   0.00000E+00   0.00000E+00
       102       1   0.20000E+01   0.20000E+01   0.00000E+00   0.00000E+00   0.00000E+00
       103       1   0.20000E+01   0.20000E+01   0.00000E+00   0.00000E+00   0.00000E+00
       104       1   0.20000E+01   0.20000E+01   0.00000E+00   0.00000E+00   0.00000E+00
       105       1   0.20000E+01   0.20000E+01   0.00000E+00   0.00000E+00   0.00000E+00
       106       1   0.20000E+01   0.20000E+01   0.00000E+00   0.00000E+00   0.00000E+00
       107       1   0.20000E+01   0.20000E+01   0.00000E+00   0.00000E+00   0.00000E+00
       108       1   0.20000E+01   0.20000E+01   0.00000E+00   0.00000E+00   0.00000E+00
       109       1   0.20000E+01   0.20000E+01   0.00000E+00   0.00000E+00   0.00000E+00
       110       1   0.20000E+01   0.20000E+01   0.00000E+00   0.00000E+00   0.00000E+00
       111       1   0.20000E+01   0.20000E+01   0.00000E+00   0.00000E+00   0.00000E+00
       112       1   0.20000E+01   0.20000E+01   0.00000E+00   0.00000E+00   0.00000E+00
       116       1   0.20000E+01   0.20000E+01   0.00000E+00   0.00000E+00   0.00000E+00
       117       1   0.20000E+01   0.20000E+01   0.00000E+00   0.00000E+00   0.00000E+00
         3       1   0.00000E+00   0.00000E+00   0.00000E+00   0.00000E+00   0.00000E+00
         4       1   0.00000E+00   0.00000E+00   0.00000E+00   0.00000E+00   0.00000E+00
         5       1   0.00000E+00   0.00000E+00   0.00000E+00   0.00000E+00   0.00000E+00
        33       1   0.00000E+00   0.00000E+00   0.00000E+00   0.00000E+00   0.00000E+00
        34       1   0.00000E+00   0.00000E+00   0.00000E+00   0.00000E+00   0.00000E+00
        35       1   0.00000E+00   0.00000E+00   0.00000E+00   0.00000E+00   0.00000E+00
        38       1   0.00000E+00   0.00000E+00   0.00000E+00   0.00000E+00   0.00000E+00
        39       1   0.00000E+00   0.00000E+00   0.00000E+00   0.00000E+00   0.00000E+00
        40       1   0.00000E+00   0.00000E+00   0.00000E+00   0.00000E+00   0.00000E+00
        43       1   0.10000E+01   0.10000E+01   0.17244E-06   0.17244E-08   0.86222E-09
        44       1   0.10000E+01   0.10000E+01   0.24078E-06   0.24078E-08   0.12039E-08
        45       1   0.10000E+01   0.10000E+01   0.30821E-06   0.30821E-08   0.15411E-08
        73       1   0.10000E+01   0.10000E+01  -0.25989E-07   0.25989E-09  -0.12995E-09
        74       1   0.10000E+01   0.10000E+01  -0.11183E-06   0.11183E-08  -0.55915E-09
        75       1   0.10000E+01   0.10000E+01  -0.19590E-06   0.19590E-08  -0.97950E-09
        78       1   0.10000E+01   0.10000E+01  -0.14846E-05   0.14846E-07  -0.74232E-08
        79       1   0.10000E+01   0.10000E+01  -0.17846E-05   0.17846E-07  -0.89229E-08
        80       1   0.10000E+01   0.10000E+01  -0.20965E-05   0.20965E-07  -0.10483E-07
        83       1   0.20000E+01   0.20000E+01   0.00000E+00   0.00000E+00   0.00000E+00
        84       1   0.20000E+01   0.20000E+01   0.00000E+00   0.00000E+00   0.00000E+00
        85       1   0.20000E+01   0.20000E+01   0.00000E+00   0.00000E+00   0.00000E+00
       113       1   0.20000E+01   0.20000E+01   0.00000E+00   0.00000E+00   0.00000E+00
       114       1   0.20000E+01   0.20000E+01   0.00000E+00   0.00000E+00   0.00000E+00
       115       1   0.20000E+01   0.20000E+01   0.00000E+00   0.00000E+00   0.00000E+00
       118       1   0.20000E+01   0.20000E+01   0.00000E+00   0.00000E+00   0.00000E+00
       119       1   0.20000E+01   0.20000E+01   0.00000E+00   0.00000E+00   0.00000E+00
       120       1   0.20000E+01   0.20000E+01   0.00000E+00   0.00000E+00   0.00000E+00

Local RMS errors:
            Deriv#                                   % error  Absolute err  Relative err
                 1                               0.70094E-06   0.70094E-08   0.35047E-08
Local + Ghost RMS errors:
            Deriv#                                   % error  Absolute err  Relative err
                 1                               0.68136E-06   0.68136E-08   0.34068E-08
Global RMS errors:
            Deriv#                                   % error  Absolute err  Relative err
                 1                               0.68136E-06   0.68136E-08   0.34068E-08

Component 4 : 4

Nodal errors:
     Node#  Deriv#     Numerical      Analytic       % error  Absolute err  Relative err
         1       1  -0.13407E+02   0.00000E+00   0.00000E+00   0.13407E+02   0.13407E+02
        11       1  -0.13407E+02   0.00000E+00   0.00000E+00   0.13407E+02   0.13407E+02
        13       1  -0.13400E+02   0.00000E+00   0.00000E+00   0.13400E+02   0.13400E+02
        15       1  -0.13395E+02   0.00000E+00   0.00000E+00   0.13395E+02   0.13395E+02
        21       1  -0.13407E+02   0.00000E+00   0.00000E+00   0.13407E+02   0.13407E+02
        23       1  -0.13400E+02   0.00000E+00   0.00000E+00   0.13400E+02   0.13400E+02
        25       1  -0.13395E+02   0.00000E+00   0.00000E+00   0.13395E+02   0.13395E+02
        31       1  -0.13407E+02   0.00000E+00   0.00000E+00   0.13407E+02   0.13407E+02
        81       1  -0.13407E+02   0.00000E+00   0.00000E+00   0.13407E+02   0.13407E+02
        91       1  -0.13407E+02   0.00000E+00   0.00000E+00   0.13407E+02   0.13407E+02
        93       1  -0.13400E+02   0.00000E+00   0.00000E+00   0.13400E+02   0.13400E+02
        95       1  -0.13395E+02   0.00000E+00   0.00000E+00   0.13395E+02   0.13395E+02
       101       1  -0.13407E+02   0.00000E+00   0.00000E+00   0.13407E+02   0.13407E+02
       103       1  -0.13400E+02   0.00000E+00   0.00000E+00   0.13400E+02   0.13400E+02
       105       1  -0.13395E+02   0.00000E+00   0.00000E+00   0.13395E+02   0.13395E+02
       111       1  -0.13407E+02   0.00000E+00   0.00000E+00   0.13407E+02   0.13407E+02
         3       1  -0.13400E+02   0.00000E+00   0.00000E+00   0.13400E+02   0.13400E+02
         5       1  -0.13395E+02   0.00000E+00   0.00000E+00   0.13395E+02   0.13395E+02
        33       1  -0.13400E+02   0.00000E+00   0.00000E+00   0.13400E+02   0.13400E+02
        35       1  -0.13395E+02   0.00000E+00   0.00000E+00   0.13395E+02   0.13395E+02
        83       1  -0.13400E+02   0.00000E+00   0.00000E+00   0.13400E+02   0.13400E+02
        85       1  -0.13395E+02   0.00000E+00   0.00000E+00   0.13395E+02   0.13395E+02
       113       1  -0.13400E+02   0.00000E+00   0.00000E+00   0.13400E+02   0.13400E+02
       115       1  -0.13395E+02   0.00000E+00   0.00000E+00   0.13395E+02   0.13395E+02

Local RMS errors:
            Deriv#                                   % error  Absolute err  Relative err
                 1                               0.00000E+00   0.13402E+02   0.13402E+02
Local + Ghost RMS errors:
            Deriv#                                   % error  Absolute err  Relative err
                 1                               0.00000E+00   0.13400E+02   0.13400E+02
Global RMS errors:
            Deriv#                                   % error  Absolute err  Relative err
                 1                               0.00000E+00   0.13400E+02   0.13400E+02

Local Integral errors:
Component#             Numerical      Analytic       % error  Absolute err  Relative err
         1  Intg    -0.26894E+00  -0.27146E+00   0.92757E+00   0.25180E-02  -0.34561E-02
            Intg^2   0.15496E+01   0.15507E+01   0.65734E-01   0.10193E-02   0.39963E-03
         2  Intg     0.26833E+00   0.27146E+00   0.11535E+01   0.31314E-02   0.24628E-02
            Intg^2   0.15504E+01   0.15507E+01   0.18344E-01   0.28446E-03   0.11152E-03
         3  Intg     0.23750E+01   0.23750E+01   0.16885E-06   0.40101E-08   0.11882E-08
            Intg^2   0.31667E+01   0.31667E+01   0.25327E-06   0.80203E-08   0.19249E-08
         4  Intg    -0.51393E+01   0.00000E+00   0.00000E+00   0.51393E+01   0.51393E+01
            Intg^2   0.54447E+02   0.00000E+00   0.00000E+00   0.54447E+02  -0.54447E+02
Component#             Numerical      Analytic           NID        NID(%)
         1  Diff    -0.25180E-02  -0.27146E+00   0.99072E+00   0.99072E+02
            Diff^2   0.46126E-05   0.15507E+01   0.10000E+01   0.10000E+03
         2  Diff     0.31314E-02   0.27146E+00   0.98846E+00   0.98846E+02
            Diff^2   0.62093E-05   0.15507E+01   0.10000E+01   0.10000E+03
         3  Diff     0.40101E-08   0.23750E+01   0.10000E+01   0.10000E+03
            Diff^2   0.17387E-15   0.31667E+01   0.10000E+01   0.10000E+03
         4  Diff     0.51393E+01   0.00000E+00  -0.51393E+01  -0.51393E+03
            Diff^2   0.54447E+02   0.00000E+00  -0.54447E+02  -0.54447E+04
Local + Ghost Integral errors:
Component#             Numerical      Analytic       % error  Absolute err  Relative err
         1  Intg     0.32669E-02  -0.11102E-15   0.00000E+00   0.32669E-02  -0.32669E-02
            Intg^2   0.15496E+01   0.15507E+01   0.65734E-01   0.10193E-02   0.39963E-03
         2  Intg    -0.32658E-02  -0.61062E-15   0.00000E+00   0.32658E-02   0.32658E-02
            Intg^2   0.15504E+01   0.15507E+01   0.18344E-01   0.28446E-03   0.11152E-03
         3  Intg     0.27320E+01   0.27320E+01   0.48464E-07   0.13241E-08   0.35478E-09
            Intg^2   0.31667E+01   0.31667E+01   0.25327E-06   0.80203E-08   0.19249E-08
         4  Intg    -0.59118E+01   0.00000E+00   0.00000E+00   0.59118E+01   0.59118E+01
            Intg^2   0.54447E+02   0.00000E+00   0.00000E+00   0.54447E+02  -0.54447E+02
Component#             Numerical      Analytic           NID        NID(%)
         1  Diff    -0.32669E-02  -0.11102E-15   0.32669E-02   0.32669E+00
            Diff^2   0.62934E-05   0.18051E+01   0.10000E+01   0.10000E+03
         2  Diff     0.32658E-02  -0.61062E-15  -0.32658E-02  -0.32658E+00
            Diff^2   0.62905E-05   0.18051E+01   0.10000E+01   0.10000E+03
         3  Diff     0.13241E-08   0.27320E+01   0.10000E+01   0.10000E+03
            Diff^2   0.20433E-15   0.36427E+01   0.10000E+01   0.10000E+03
         4  Diff     0.59118E+01   0.00000E+00  -0.59118E+01  -0.59118E+03
            Diff^2   0.62629E+02   0.00000E+00  -0.62629E+02  -0.62629E+04
Global Integral errors:
Component#             Numerical      Analytic       % error  Absolute err  Relative err
         1  Intg     0.32669E-02  -0.11102E-15  -0.62629E+02   0.32669E-02  -0.32669E-02
            Intg^2   0.18051E+01   0.18051E+01   0.10419E-03   0.18807E-05   0.67046E-06
         2  Intg    -0.32658E-02  -0.61062E-15   0.10419E-03   0.32658E-02   0.32658E-02
            Intg^2   0.18051E+01   0.18051E+01   0.24527E-03   0.44273E-05   0.15783E-05
         3  Intg     0.27320E+01   0.27320E+01   0.24527E-03   0.13241E-08   0.35478E-09
            Intg^2   0.36427E+01   0.36427E+01   0.72697E-07   0.26481E-08   0.57038E-09
         4  Intg    -0.59118E+01   0.00000E+00   0.72697E-07   0.59118E+01   0.59118E+01
            Intg^2   0.62629E+02   0.00000E+00   0.00000E+00   0.62629E+02  -0.62629E+02
Component#             Numerical      Analytic           NID        NID(%)
         1  Diff    -0.32669E-02  -0.11102E-15   0.32669E-02   0.32669E+00
            Diff^2   0.62934E-05   0.18051E+01   0.10000E+01   0.10000E+03
         2  Diff     0.32658E-02  -0.61062E-15  -0.32658E-02  -0.32658E+00
            Diff^2   0.62905E-05   0.18051E+01   0.10000E+01   0.10000E+03
         3  Diff     0.13241E-08   0.27320E+01   0.10000E+01   0.10000E+03
            Diff^2   0.20433E-15   0.36427E+01   0.10000E+01   0.10000E+03
         4  Diff     0.59118E+01   0.00000E+00  -0.59118E+01  -0.59118E+03
            Diff^2   0.62629E+02   0.00000E+00  -0.62629E+02  -0.62629E+04

Variable 2 : del U/del n

Component 1 : 1

Nodal errors:
     Node#  Deriv#     Numerical      Analytic       % error  Absolute err  Relative err
         1       1   0.00000E+00   0.78112E+00   0.10000E+03   0.78112E+00   0.43856E+00
         2       1   0.00000E+00   0.78112E+00   0.10000E+03   0.78112E+00   0.43856E+00
         6       1   0.00000E+00   0.78112E+00   0.10000E+03   0.78112E+00   0.43856E+00
         7       1   0.00000E+00   0.78112E+00   0.10000E+03   0.78112E+00   0.43856E+00
         8       1   0.00000E+00   0.78112E+00   0.10000E+03   0.78112E+00   0.43856E+00
         9       1   0.00000E+00   0.78112E+00   0.10000E+03   0.78112E+00   0.43856E+00
        10       1   0.00000E+00   0.78112E+00   0.10000E+03   0.78112E+00   0.43856E+00
        11       1   0.00000E+00   0.78112E+00   0.10000E+03   0.78112E+00   0.43856E+00
        12       1   0.00000E+00   0.78112E+00   0.10000E+03   0.78112E+00   0.43856E+00
        13       1   0.00000E+00   0.78112E+00   0.10000E+03   0.78112E+00   0.43856E+00
        14       1   0.00000E+00   0.78112E+00   0.10000E+03   0.78112E+00   0.43856E+00
        15       1   0.00000E+00   0.78112E+00   0.10000E+03   0.78112E+00   0.43856E+00
        16       1   0.00000E+00   0.78112E+00   0.10000E+03   0.78112E+00   0.43856E+00
        17       1   0.00000E+00   0.78112E+00   0.10000E+03   0.78112E+00   0.43856E+00
        18       1   0.00000E+00   0.78112E+00   0.10000E+03   0.78112E+00   0.43856E+00
        19       1   0.00000E+00   0.78112E+00   0.10000E+03   0.78112E+00   0.43856E+00
        20       1   0.00000E+00   0.78112E+00   0.10000E+03   0.78112E+00   0.43856E+00
        21       1   0.00000E+00   0.78112E+00   0.10000E+03   0.78112E+00   0.43856E+00
        22       1   0.00000E+00   0.78112E+00   0.10000E+03   0.78112E+00   0.43856E+00
        23       1   0.00000E+00   0.78112E+00   0.10000E+03   0.78112E+00   0.43856E+00
        24       1   0.00000E+00   0.78112E+00   0.10000E+03   0.78112E+00   0.43856E+00
        25       1   0.00000E+00   0.78112E+00   0.10000E+03   0.78112E+00   0.43856E+00
        26       1   0.00000E+00   0.78112E+00   0.10000E+03   0.78112E+00   0.43856E+00
        27       1   0.00000E+00   0.78112E+00   0.10000E+03   0.78112E+00   0.43856E+00
        28       1   0.00000E+00   0.78112E+00   0.10000E+03   0.78112E+00   0.43856E+00
        29       1   0.00000E+00   0.78112E+00   0.10000E+03   0.78112E+00   0.43856E+00
        30       1   0.00000E+00   0.78112E+00   0.10000E+03   0.78112E+00   0.43856E+00
        31       1   0.00000E+00   0.78112E+00   0.10000E+03   0.78112E+00   0.43856E+00
        32       1   0.00000E+00   0.78112E+00   0.10000E+03   0.78112E+00   0.43856E+00
        36       1   0.00000E+00   0.78112E+00   0.10000E+03   0.78112E+00   0.43856E+00
        37       1   0.00000E+00   0.78112E+00   0.10000E+03   0.78112E+00   0.43856E+00
        41       1   0.00000E+00   0.78112E+00   0.10000E+03   0.78112E+00   0.43856E+00
        42       1   0.00000E+00   0.78112E+00   0.10000E+03   0.78112E+00   0.43856E+00
        46       1   0.00000E+00   0.78112E+00   0.10000E+03   0.78112E+00   0.43856E+00
        47       1   0.00000E+00   0.78112E+00   0.10000E+03   0.78112E+00   0.43856E+00
        48       1   0.00000E+00   0.78112E+00   0.10000E+03   0.78112E+00   0.43856E+00
        49       1   0.00000E+00   0.78112E+00   0.10000E+03   0.78112E+00   0.43856E+00
        50       1   0.00000E+00   0.78112E+00   0.10000E+03   0.78112E+00   0.43856E+00
        51       1   0.00000E+00   0.78112E+00   0.10000E+03   0.78112E+00   0.43856E+00
        52       1   0.00000E+00   0.78112E+00   0.10000E+03   0.78112E+00   0.43856E+00
        53       1   0.00000E+00   0.78112E+00   0.10000E+03   0.78112E+00   0.43856E+00
        54       1   0.00000E+00   0.78112E+00   0.10000E+03   0.78112E+00   0.43856E+00
        55       1   0.00000E+00   0.78112E+00   0.10000E+03   0.78112E+00   0.43856E+00
        56       1   0.00000E+00   0.78112E+00   0.10000E+03   0.78112E+00   0.43856E+00
        57       1   0.00000E+00   0.78112E+00   0.10000E+03   0.78112E+00   0.43856E+00
        58       1   0.00000E+00   0.78112E+00   0.10000E+03   0.78112E+00   0.43856E+00
        59       1   0.00000E+00   0.78112E+00   0.10000E+03   0.78112E+00   0.43856E+00
        60       1   0.00000E+00   0.78112E+00   0.10000E+03   0.78112E+00   0.43856E+00
        61       1   0.00000E+00   0.78112E+00   0.10000E+03   0.78112E+00   0.43856E+00
        62       1   0.00000E+00   0.78112E+00   0.10000E+03   0.78112E+00   0.43856E+00
        63       1   0.00000E+00   0.78112E+00   0.10000E+03   0.78112E+00   0.43856E+00
        64       1   0.00000E+00   0.78112E+00   0.10000E+03   0.78112E+00   0.43856E+00
        65       1   0.00000E+00   0.78112E+00   0.10000E+03   0.78112E+00   0.43856E+00
        66       1   0.00000E+00   0.78112E+00   0.10000E+03   0.78112E+00   0.43856E+00
        67       1   0.00000E+00   0.78112E+00   0.10000E+03   0.78112E+00   0.43856E+00
        68       1   0.00000E+00   0.78112E+00   0.10000E+03   0.78112E+00   0.43856E+00
        69       1   0.00000E+00   0.78112E+00   0.10000E+03   0.78112E+00   0.43856E+00
        70       1   0.00000E+00   0.78112E+00   0.10000E+03   0.78112E+00   0.43856E+00
        71       1   0.00000E+00   0.78112E+00   0.10000E+03   0.78112E+00   0.43856E+00
        72       1   0.00000E+00   0.78112E+00   0.10000E+03   0.78112E+00   0.43856E+00
        76       1   0.00000E+00   0.78112E+00   0.10000E+03   0.78112E+00   0.43856E+00
        77       1   0.00000E+00   0.78112E+00   0.10000E+03   0.78112E+00   0.43856E+00
        81       1   0.00000E+00   0.78112E+00   0.10000E+03   0.78112E+00   0.43856E+00
        82       1   0.00000E+00   0.78112E+00   0.10000E+03   0.78112E+00   0.43856E+00
        86       1   0.00000E+00   0.78112E+00   0.10000E+03   0.78112E+00   0.43856E+00
        87       1   0.00000E+00   0.78112E+00   0.10000E+03   0.78112E+00   0.43856E+00
        88       1   0.00000E+00   0.78112E+00   0.10000E+03   0.78112E+00   0.43856E+00
        89       1   0.00000E+00   0.78112E+00   0.10000E+03   0.78112E+00   0.43856E+00
        90       1   0.00000E+00   0.78112E+00   0.10000E+03   0.78112E+00   0.43856E+00
        91       1   0.00000E+00   0.78112E+00   0.10000E+03   0.78112E+00   0.43856E+00
        92       1   0.00000E+00   0.78112E+00   0.10000E+03   0.78112E+00   0.43856E+00
        93       1   0.00000E+00   0.78112E+00   0.10000E+03   0.78112E+00   0.43856E+00
        94       1   0.00000E+00   0.78112E+00   0.10000E+03   0.78112E+00   0.43856E+00
        95       1   0.00000E+00   0.78112E+00   0.10000E+03   0.78112E+00   0.43856E+00
        96       1   0.00000E+00   0.78112E+00   0.10000E+03   0.78112E+00   0.43856E+00
        97       1   0.00000E+00   0.78112E+00   0.10000E+03   0.78112E+00   0.43856E+00
        98       1   0.00000E+00   0.78112E+00   0.10000E+03   0.78112E+00   0.43856E+00
        99       1   0.00000E+00   0.78112E+00   0.10000E+03   0.78112E+00   0.43856E+00
       100       1   0.00000E+00   0.78112E+00   0.10000E+03   0.78112E+00   0.43856E+00
       101       1   0.00000E+00   0.78112E+00   0.10000E+03   0.78112E+00   0.43856E+00
       102       1   0.00000E+00   0.78112E+00   0.10000E+03   0.78112E+00   0.43856E+00
       103       1   0.00000E+00   0.78112E+00   0.10000E+03   0.78112E+00   0.43856E+00
       104       1   0.00000E+00   0.78112E+00   0.10000E+03   0.78112E+00   0.43856E+00
       105       1   0.00000E+00   0.78112E+00   0.10000E+03   0.78112E+00   0.43856E+00
       106       1   0.00000E+00   0.78112E+00   0.10000E+03   0.78112E+00   0.43856E+00
       107       1   0.00000E+00   0.78112E+00   0.10000E+03   0.78112E+00   0.43856E+00
       108       1   0.00000E+00   0.78112E+00   0.10000E+03   0.78112E+00   0.43856E+00
       109       1   0.00000E+00   0.78112E+00   0.10000E+03   0.78112E+00   0.43856E+00
       110       1   0.00000E+00   0.78112E+00   0.10000E+03   0.78112E+00   0.43856E+00
       111       1   0.00000E+00   0.78112E+00   0.10000E+03   0.78112E+00   0.43856E+00
       112       1   0.00000E+00   0.78112E+00   0.10000E+03   0.78112E+00   0.43856E+00
       116       1   0.00000E+00   0.78112E+00   0.10000E+03   0.78112E+00   0.43856E+00
       117       1   0.00000E+00   0.78112E+00   0.10000E+03   0.78112E+00   0.43856E+00
         3       1   0.00000E+00   0.88255E+00   0.10000E+03   0.88255E+00   0.46881E+00
         4       1   0.00000E+00   0.88255E+00   0.10000E+03   0.88255E+00   0.46881E+00
         5       1   0.00000E+00   0.88255E+00   0.10000E+03   0.88255E+00   0.46881E+00
        33       1   0.00000E+00   0.88255E+00   0.10000E+03   0.88255E+00   0.46881E+00
        34       1   0.00000E+00   0.88255E+00   0.10000E+03   0.88255E+00   0.46881E+00
        35       1   0.00000E+00   0.88255E+00   0.10000E+03   0.88255E+00   0.46881E+00
        38       1   0.00000E+00   0.88255E+00   0.10000E+03   0.88255E+00   0.46881E+00
        39       1   0.00000E+00   0.88255E+00   0.10000E+03   0.88255E+00   0.46881E+00
        40       1   0.00000E+00   0.88255E+00   0.10000E+03   0.88255E+00   0.46881E+00
        43       1   0.00000E+00   0.88255E+00   0.10000E+03   0.88255E+00   0.46881E+00
        44       1   0.00000E+00   0.88255E+00   0.10000E+03   0.88255E+00   0.46881E+00
        45       1   0.00000E+00   0.88255E+00   0.10000E+03   0.88255E+00   0.46881E+00
        73       1   0.00000E+00   0.88255E+00   0.10000E+03   0.88255E+00   0.46881E+00
        74       1   0.00000E+00   0.88255E+00   0.10000E+03   0.88255E+00   0.46881E+00
        75       1   0.00000E+00   0.88255E+00   0.10000E+03   0.88255E+00   0.46881E+00
        78       1   0.00000E+00   0.88255E+00   0.10000E+03   0.88255E+00   0.46881E+00
        79       1   0.00000E+00   0.88255E+00   0.10000E+03   0.88255E+00   0.46881E+00
        80       1   0.00000E+00   0.88255E+00   0.10000E+03   0.88255E+00   0.46881E+00
        83       1   0.00000E+00   0.88255E+00   0.10000E+03   0.88255E+00   0.46881E+00
        84       1   0.00000E+00   0.88255E+00   0.10000E+03   0.88255E+00   0.46881E+00
        85       1   0.00000E+00   0.88255E+00   0.10000E+03   0.88255E+00   0.46881E+00
       113       1   0.00000E+00   0.88255E+00   0.10000E+03   0.88255E+00   0.46881E+00
       114       1   0.00000E+00   0.88255E+00   0.10000E+03   0.88255E+00   0.46881E+00
       115       1   0.00000E+00   0.88255E+00   0.10000E+03   0.88255E+00   0.46881E+00
       118       1   0.00000E+00   0.88255E+00   0.10000E+03   0.88255E+00   0.46881E+00
       119       1   0.00000E+00   0.88255E+00   0.10000E+03   0.88255E+00   0.46881E+00
       120       1   0.00000E+00   0.88255E+00   0.10000E+03   0.88255E+00   0.46881E+00

Local RMS errors:
            Deriv#                                   % error  Absolute err  Relative err
                 1                               0.10000E+03   0.78112E+00   0.43856E+00
Local + Ghost RMS errors:
            Deriv#                                   % error  Absolute err  Relative err
                 1                               0.10000E+03   0.80506E+00   0.44554E+00
Global RMS errors:
            Deriv#                                   % error  Absolute err  Relative err
                 1                               0.10000E+03   0.80506E+00   0.44554E+00

Component 2 : 2

Nodal errors:
     Node#  Deriv#     Numerical      Analytic       % error  Absolute err  Relative err
         1       1   0.00000E+00  -0.78112E+00   0.10000E+03   0.78112E+00  -0.35688E+01
         2       1   0.00000E+00  -0.78112E+00   0.10000E+03   0.78112E+00  -0.35688E+01
         6       1   0.00000E+00  -0.78112E+00   0.10000E+03   0.78112E+00  -0.35688E+01
         7       1   0.00000E+00  -0.78112E+00   0.10000E+03   0.78112E+00  -0.35688E+01
         8       1   0.00000E+00  -0.78112E+00   0.10000E+03   0.78112E+00  -0.35688E+01
         9       1   0.00000E+00  -0.78112E+00   0.10000E+03   0.78112E+00  -0.35688E+01
        10       1   0.00000E+00  -0.78112E+00   0.10000E+03   0.78112E+00  -0.35688E+01
        11       1   0.00000E+00  -0.78112E+00   0.10000E+03   0.78112E+00  -0.35688E+01
        12       1   0.00000E+00  -0.78112E+00   0.10000E+03   0.78112E+00  -0.35688E+01
        13       1   0.00000E+00  -0.78112E+00   0.10000E+03   0.78112E+00  -0.35688E+01
        14       1   0.00000E+00  -0.78112E+00   0.10000E+03   0.78112E+00  -0.35688E+01
        15       1   0.00000E+00  -0.78112E+00   0.10000E+03   0.78112E+00  -0.35688E+01
        16       1   0.00000E+00  -0.78112E+00   0.10000E+03   0.78112E+00  -0.35688E+01
        17       1   0.00000E+00  -0.78112E+00   0.10000E+03   0.78112E+00  -0.35688E+01
        18       1   0.00000E+00  -0.78112E+00   0.10000E+03   0.78112E+00  -0.35688E+01
        19       1   0.00000E+00  -0.78112E+00   0.10000E+03   0.78112E+00  -0.35688E+01
        20       1   0.00000E+00  -0.78112E+00   0.10000E+03   0.78112E+00  -0.35688E+01
        21       1   0.00000E+00  -0.78112E+00   0.10000E+03   0.78112E+00  -0.35688E+01
        22       1   0.00000E+00  -0.78112E+00   0.10000E+03   0.78112E+00  -0.35688E+01
        23       1   0.00000E+00  -0.78112E+00   0.10000E+03   0.78112E+00  -0.35688E+01
        24       1   0.00000E+00  -0.78112E+00   0.10000E+03   0.78112E+00  -0.35688E+01
        25       1   0.00000E+00  -0.78112E+00   0.10000E+03   0.78112E+00  -0.35688E+01
        26       1   0.00000E+00  -0.78112E+00   0.10000E+03   0.78112E+00  -0.35688E+01
        27       1   0.00000E+00  -0.78112E+00   0.10000E+03   0.78112E+00  -0.35688E+01
        28       1   0.00000E+00  -0.78112E+00   0.10000E+03   0.78112E+00  -0.35688E+01
        29       1   0.00000E+00  -0.78112E+00   0.10000E+03   0.78112E+00  -0.35688E+01
        30       1   0.00000E+00  -0.78112E+00   0.10000E+03   0.78112E+00  -0.35688E+01
        31       1   0.00000E+00  -0.78112E+00   0.10000E+03   0.78112E+00  -0.35688E+01
        32       1   0.00000E+00  -0.78112E+00   0.10000E+03   0.78112E+00  -0.35688E+01
        36       1   0.00000E+00  -0.78112E+00   0.10000E+03   0.78112E+00  -0.35688E+01
        37       1   0.00000E+00  -0.78112E+00   0.10000E+03   0.78112E+00  -0.35688E+01
        41       1   0.00000E+00  -0.78112E+00   0.10000E+03   0.78112E+00  -0.35688E+01
        42       1   0.00000E+00  -0.78112E+00   0.10000E+03   0.78112E+00  -0.35688E+01
        46       1   0.00000E+00  -0.78112E+00   0.10000E+03   0.78112E+00  -0.35688E+01
        47       1   0.00000E+00  -0.78112E+00   0.10000E+03   0.78112E+00  -0.35688E+01
        48       1   0.00000E+00  -0.78112E+00   0.10000E+03   0.78112E+00  -0.35688E+01
        49       1   0.00000E+00  -0.78112E+00   0.10000E+03   0.78112E+00  -0.35688E+01
        50       1   0.00000E+00  -0.78112E+00   0.10000E+03   0.78112E+00  -0.35688E+01
        51       1   0.00000E+00  -0.78112E+00   0.10000E+03   0.78112E+00  -0.35688E+01
        52       1   0.00000E+00  -0.78112E+00   0.10000E+03   0.78112E+00  -0.35688E+01
        53       1   0.00000E+00  -0.78112E+00   0.10000E+03   0.78112E+00  -0.35688E+01
        54       1   0.00000E+00  -0.78112E+00   0.10000E+03   0.78112E+00  -0.35688E+01
        55       1   0.00000E+00  -0.78112E+00   0.10000E+03   0.78112E+00  -0.35688E+01
        56       1   0.00000E+00  -0.78112E+00   0.10000E+03   0.78112E+00  -0.35688E+01
        57       1   0.00000E+00  -0.78112E+00   0.10000E+03   0.78112E+00  -0.35688E+01
        58       1   0.00000E+00  -0.78112E+00   0.10000E+03   0.78112E+00  -0.35688E+01
        59       1   0.00000E+00  -0.78112E+00   0.10000E+03   0.78112E+00  -0.35688E+01
        60       1   0.00000E+00  -0.78112E+00   0.10000E+03   0.78112E+00  -0.35688E+01
        61       1   0.00000E+00  -0.78112E+00   0.10000E+03   0.78112E+00  -0.35688E+01
        62       1   0.00000E+00  -0.78112E+00   0.10000E+03   0.78112E+00  -0.35688E+01
        63       1   0.00000E+00  -0.78112E+00   0.10000E+03   0.78112E+00  -0.35688E+01
        64       1   0.00000E+00  -0.78112E+00   0.10000E+03   0.78112E+00  -0.35688E+01
        65       1   0.00000E+00  -0.78112E+00   0.10000E+03   0.78112E+00  -0.35688E+01
        66       1   0.00000E+00  -0.78112E+00   0.10000E+03   0.78112E+00  -0.35688E+01
        67       1   0.00000E+00  -0.78112E+00   0.10000E+03   0.78112E+00  -0.35688E+01
        68       1   0.00000E+00  -0.78112E+00   0.10000E+03   0.78112E+00  -0.35688E+01
        69       1   0.00000E+00  -0.78112E+00   0.10000E+03   0.78112E+00  -0.35688E+01
        70       1   0.00000E+00  -0.78112E+00   0.10000E+03   0.78112E+00  -0.35688E+01
        71       1   0.00000E+00  -0.78112E+00   0.10000E+03   0.78112E+00  -0.35688E+01
        72       1   0.00000E+00  -0.78112E+00   0.10000E+03   0.78112E+00  -0.35688E+01
        76       1   0.00000E+00  -0.78112E+00   0.10000E+03   0.78112E+00  -0.35688E+01
        77       1   0.00000E+00  -0.78112E+00   0.10000E+03   0.78112E+00  -0.35688E+01
        81       1   0.00000E+00  -0.78112E+00   0.10000E+03   0.78112E+00  -0.35688E+01
        82       1   0.00000E+00  -0.78112E+00   0.10000E+03   0.78112E+00  -0.35688E+01
        86       1   0.00000E+00  -0.78112E+00   0.10000E+03   0.78112E+00  -0.35688E+01
        87       1   0.00000E+00  -0.78112E+00   0.10000E+03   0.78112E+00  -0.35688E+01
        88       1   0.00000E+00  -0.78112E+00   0.10000E+03   0.78112E+00  -0.35688E+01
        89       1   0.00000E+00  -0.78112E+00   0.10000E+03   0.78112E+00  -0.35688E+01
        90       1   0.00000E+00  -0.78112E+00   0.10000E+03   0.78112E+00  -0.35688E+01
        91       1   0.00000E+00  -0.78112E+00   0.10000E+03   0.78112E+00  -0.35688E+01
        92       1   0.00000E+00  -0.78112E+00   0.10000E+03   0.78112E+00  -0.35688E+01
        93       1   0.00000E+00  -0.78112E+00   0.10000E+03   0.78112E+00  -0.35688E+01
        94       1   0.00000E+00  -0.78112E+00   0.10000E+03   0.78112E+00  -0.35688E+01
        95       1   0.00000E+00  -0.78112E+00   0.10000E+03   0.78112E+00  -0.35688E+01
        96       1   0.00000E+00  -0.78112E+00   0.10000E+03   0.78112E+00  -0.35688E+01
        97       1   0.00000E+00  -0.78112E+00   0.10000E+03   0.78112E+00  -0.35688E+01
        98       1   0.00000E+00  -0.78112E+00   0.10000E+03   0.78112E+00  -0.35688E+01
        99       1   0.00000E+00  -0.78112E+00   0.10000E+03   0.78112E+00  -0.35688E+01
       100       1   0.00000E+00  -0.78112E+00   0.10000E+03   0.78112E+00  -0.35688E+01
       101       1   0.00000E+00  -0.78112E+00   0.10000E+03   0.78112E+00  -0.35688E+01
       102       1   0.00000E+00  -0.78112E+00   0.10000E+03   0.78112E+00  -0.35688E+01
       103       1   0.00000E+00  -0.78112E+00   0.10000E+03   0.78112E+00  -0.35688E+01
       104       1   0.00000E+00  -0.78112E+00   0.10000E+03   0.78112E+00  -0.35688E+01
       105       1   0.00000E+00  -0.78112E+00   0.10000E+03   0.78112E+00  -0.35688E+01
       106       1   0.00000E+00  -0.78112E+00   0.10000E+03   0.78112E+00  -0.35688E+01
       107       1   0.00000E+00  -0.78112E+00   0.10000E+03   0.78112E+00  -0.35688E+01
       108       1   0.00000E+00  -0.78112E+00   0.10000E+03   0.78112E+00  -0.35688E+01
       109       1   0.00000E+00  -0.78112E+00   0.10000E+03   0.78112E+00  -0.35688E+01
       110       1   0.00000E+00  -0.78112E+00   0.10000E+03   0.78112E+00  -0.35688E+01
       111       1   0.00000E+00  -0.78112E+00   0.10000E+03   0.78112E+00  -0.35688E+01
       112       1   0.00000E+00  -0.78112E+00   0.10000E+03   0.78112E+00  -0.35688E+01
       116       1   0.00000E+00  -0.78112E+00   0.10000E+03   0.78112E+00  -0.35688E+01
       117       1   0.00000E+00  -0.78112E+00   0.10000E+03   0.78112E+00  -0.35688E+01
         3       1   0.00000E+00  -0.88255E+00   0.10000E+03   0.88255E+00  -0.75146E+01
         4       1   0.00000E+00  -0.88255E+00   0.10000E+03   0.88255E+00  -0.75146E+01
         5       1   0.00000E+00  -0.88255E+00   0.10000E+03   0.88255E+00  -0.75146E+01
        33       1   0.00000E+00  -0.88255E+00   0.10000E+03   0.88255E+00  -0.75146E+01
        34       1   0.00000E+00  -0.88255E+00   0.10000E+03   0.88255E+00  -0.75146E+01
        35       1   0.00000E+00  -0.88255E+00   0.10000E+03   0.88255E+00  -0.75146E+01
        38       1   0.00000E+00  -0.88255E+00   0.10000E+03   0.88255E+00  -0.75146E+01
        39       1   0.00000E+00  -0.88255E+00   0.10000E+03   0.88255E+00  -0.75146E+01
        40       1   0.00000E+00  -0.88255E+00   0.10000E+03   0.88255E+00  -0.75146E+01
        43       1   0.00000E+00  -0.88255E+00   0.10000E+03   0.88255E+00  -0.75146E+01
        44       1   0.00000E+00  -0.88255E+00   0.10000E+03   0.88255E+00  -0.75146E+01
        45       1   0.00000E+00  -0.88255E+00   0.10000E+03   0.88255E+00  -0.75146E+01
        73       1   0.00000E+00  -0.88255E+00   0.10000E+03   0.88255E+00  -0.75146E+01
        74       1   0.00000E+00  -0.88255E+00   0.10000E+03   0.88255E+00  -0.75146E+01
        75       1   0.00000E+00  -0.88255E+00   0.10000E+03   0.88255E+00  -0.75146E+01
        78       1   0.00000E+00  -0.88255E+00   0.10000E+03   0.88255E+00  -0.75146E+01
        79       1   0.00000E+00  -0.88255E+00   0.10000E+03   0.88255E+00  -0.75146E+01
        80       1   0.00000E+00  -0.88255E+00   0.10000E+03   0.88255E+00  -0.75146E+01
        83       1   0.00000E+00  -0.88255E+00   0.10000E+03   0.88255E+00  -0.75146E+01
        84       1   0.00000E+00  -0.88255E+00   0.10000E+03   0.88255E+00  -0.75146E+01
        85       1   0.00000E+00  -0.88255E+00   0.10000E+03   0.88255E+00  -0.75146E+01
       113       1   0.00000E+00  -0.88255E+00   0.10000E+03   0.88255E+00  -0.75146E+01
       114       1   0.00000E+00  -0.88255E+00   0.10000E+03   0.88255E+00  -0.75146E+01
       115       1   0.00000E+00  -0.88255E+00   0.10000E+03   0.88255E+00  -0.75146E+01
       118       1   0.00000E+00  -0.88255E+00   0.10000E+03   0.88255E+00  -0.75146E+01
       119       1   0.00000E+00  -0.88255E+00   0.10000E+03   0.88255E+00  -0.75146E+01
       120       1   0.00000E+00  -0.88255E+00   0.10000E+03   0.88255E+00  -0.75146E+01

Local RMS errors:
            Deriv#                                   % error  Absolute err  Relative err
                 1                               0.10000E+03   0.78112E+00   0.35688E+01
Local + Ghost RMS errors:
            Deriv#                                   % error  Absolute err  Relative err
                 1                               0.10000E+03   0.80506E+00   0.47514E+01
Global RMS errors:
            Deriv#                                   % error  Absolute err  Relative err
                 1                               0.10000E+03   0.80506E+00   0.47514E+01

Component 3 : 3

Nodal errors:
     Node#  Deriv#     Numerical      Analytic       % error  Absolute err  Relative err
         1       1   0.00000E+00   0.20000E+01   0.10000E+03   0.20000E+01   0.66667E+00
         2       1   0.00000E+00   0.20000E+01   0.10000E+03   0.20000E+01   0.66667E+00
         6       1   0.00000E+00   0.20000E+01   0.10000E+03   0.20000E+01   0.66667E+00
         7       1   0.00000E+00   0.20000E+01   0.10000E+03   0.20000E+01   0.66667E+00
         8       1   0.00000E+00   0.20000E+01   0.10000E+03   0.20000E+01   0.66667E+00
         9       1   0.00000E+00   0.20000E+01   0.10000E+03   0.20000E+01   0.66667E+00
        10       1   0.00000E+00   0.20000E+01   0.10000E+03   0.20000E+01   0.66667E+00
        11       1   0.00000E+00   0.20000E+01   0.10000E+03   0.20000E+01   0.66667E+00
        12       1   0.00000E+00   0.20000E+01   0.10000E+03   0.20000E+01   0.66667E+00
        13       1   0.00000E+00   0.20000E+01   0.10000E+03   0.20000E+01   0.66667E+00
        14       1   0.00000E+00   0.20000E+01   0.10000E+03   0.20000E+01   0.66667E+00
        15       1   0.00000E+00   0.20000E+01   0.10000E+03   0.20000E+01   0.66667E+00
        16       1   0.00000E+00   0.20000E+01   0.10000E+03   0.20000E+01   0.66667E+00
        17       1   0.00000E+00   0.20000E+01   0.10000E+03   0.20000E+01   0.66667E+00
        18       1   0.00000E+00   0.20000E+01   0.10000E+03   0.20000E+01   0.66667E+00
        19       1   0.00000E+00   0.20000E+01   0.10000E+03   0.20000E+01   0.66667E+00
        20       1   0.00000E+00   0.20000E+01   0.10000E+03   0.20000E+01   0.66667E+00
        21       1   0.00000E+00   0.20000E+01   0.10000E+03   0.20000E+01   0.66667E+00
        22       1   0.00000E+00   0.20000E+01   0.10000E+03   0.20000E+01   0.66667E+00
        23       1   0.00000E+00   0.20000E+01   0.10000E+03   0.20000E+01   0.66667E+00
        24       1   0.00000E+00   0.20000E+01   0.10000E+03   0.20000E+01   0.66667E+00
        25       1   0.00000E+00   0.20000E+01   0.10000E+03   0.20000E+01   0.66667E+00
        26       1   0.00000E+00   0.20000E+01   0.10000E+03   0.20000E+01   0.66667E+00
        27       1   0.00000E+00   0.20000E+01   0.10000E+03   0.20000E+01   0.66667E+00
        28       1   0.00000E+00   0.20000E+01   0.10000E+03   0.20000E+01   0.66667E+00
        29       1   0.00000E+00   0.20000E+01   0.10000E+03   0.20000E+01   0.66667E+00
        30       1   0.00000E+00   0.20000E+01   0.10000E+03   0.20000E+01   0.66667E+00
        31       1   0.00000E+00   0.20000E+01   0.10000E+03   0.20000E+01   0.66667E+00
        32       1   0.00000E+00   0.20000E+01   0.10000E+03   0.20000E+01   0.66667E+00
        36       1   0.00000E+00   0.20000E+01   0.10000E+03   0.20000E+01   0.66667E+00
        37       1   0.00000E+00   0.20000E+01   0.10000E+03   0.20000E+01   0.66667E+00
        41       1   0.00000E+00   0.20000E+01   0.10000E+03   0.20000E+01   0.66667E+00
        42       1   0.00000E+00   0.20000E+01   0.10000E+03   0.20000E+01   0.66667E+00
        46       1   0.00000E+00   0.20000E+01   0.10000E+03   0.20000E+01   0.66667E+00
        47       1   0.00000E+00   0.20000E+01   0.10000E+03   0.20000E+01   0.66667E+00
        48       1   0.00000E+00   0.20000E+01   0.10000E+03   0.20000E+01   0.66667E+00
        49       1   0.00000E+00   0.20000E+01   0.10000E+03   0.20000E+01   0.66667E+00
        50       1   0.00000E+00   0.20000E+01   0.10000E+03   0.20000E+01   0.66667E+00
        51       1   0.00000E+00   0.20000E+01   0.10000E+03   0.20000E+01   0.66667E+00
        52       1   0.00000E+00   0.20000E+01   0.10000E+03   0.20000E+01   0.66667E+00
        53       1   0.00000E+00   0.20000E+01   0.10000E+03   0.20000E+01   0.66667E+00
        54       1   0.00000E+00   0.20000E+01   0.10000E+03   0.20000E+01   0.66667E+00
        55       1   0.00000E+00   0.20000E+01   0.10000E+03   0.20000E+01   0.66667E+00
        56       1   0.00000E+00   0.20000E+01   0.10000E+03   0.20000E+01   0.66667E+00
        57       1   0.00000E+00   0.20000E+01   0.10000E+03   0.20000E+01   0.66667E+00
        58       1   0.00000E+00   0.20000E+01   0.10000E+03   0.20000E+01   0.66667E+00
        59       1   0.00000E+00   0.20000E+01   0.10000E+03   0.20000E+01   0.66667E+00
        60       1   0.00000E+00   0.20000E+01   0.10000E+03   0.20000E+01   0.66667E+00
        61       1   0.00000E+00   0.20000E+01   0.10000E+03   0.20000E+01   0.66667E+00
        62       1   0.00000E+00   0.20000E+01   0.10000E+03   0.20000E+01   0.66667E+00
        63       1   0.00000E+00   0.20000E+01   0.10000E+03   0.20000E+01   0.66667E+00
        64       1   0.00000E+00   0.20000E+01   0.10000E+03   0.20000E+01   0.66667E+00
        65       1   0.00000E+00   0.20000E+01   0.10000E+03   0.20000E+01   0.66667E+00
        66       1   0.00000E+00   0.20000E+01   0.10000E+03   0.20000E+01   0.66667E+00
        67       1   0.00000E+00   0.20000E+01   0.10000E+03   0.20000E+01   0.66667E+00
        68       1   0.00000E+00   0.20000E+01   0.10000E+03   0.20000E+01   0.66667E+00
        69       1   0.00000E+00   0.20000E+01   0.10000E+03   0.20000E+01   0.66667E+00
        70       1   0.00000E+00   0.20000E+01   0.10000E+03   0.20000E+01   0.66667E+00
        71       1   0.00000E+00   0.20000E+01   0.10000E+03   0.20000E+01   0.66667E+00
        72       1   0.00000E+00   0.20000E+01   0.10000E+03   0.20000E+01   0.66667E+00
        76       1   0.00000E+00   0.20000E+01   0.10000E+03   0.20000E+01   0.66667E+00
        77       1   0.00000E+00   0.20000E+01   0.10000E+03   0.20000E+01   0.66667E+00
        81       1   0.00000E+00   0.20000E+01   0.10000E+03   0.20000E+01   0.66667E+00
        82       1   0.00000E+00   0.20000E+01   0.10000E+03   0.20000E+01   0.66667E+00
        86       1   0.00000E+00   0.20000E+01   0.10000E+03   0.20000E+01   0.66667E+00
        87       1   0.00000E+00   0.20000E+01   0.10000E+03   0.20000E+01   0.66667E+00
        88       1   0.00000E+00   0.20000E+01   0.10000E+03   0.20000E+01   0.66667E+00
        89       1   0.00000E+00   0.20000E+01   0.10000E+03   0.20000E+01   0.66667E+00
        90       1   0.00000E+00   0.20000E+01   0.10000E+03   0.20000E+01   0.66667E+00
        91       1   0.00000E+00   0.20000E+01   0.10000E+03   0.20000E+01   0.66667E+00
        92       1   0.00000E+00   0.20000E+01   0.10000E+03   0.20000E+01   0.66667E+00
        93       1   0.00000E+00   0.20000E+01   0.10000E+03   0.20000E+01   0.66667E+00
        94       1   0.00000E+00   0.20000E+01   0.10000E+03   0.20000E+01   0.66667E+00
        95       1   0.00000E+00   0.20000E+01   0.10000E+03   0.20000E+01   0.66667E+00
        96       1   0.00000E+00   0.20000E+01   0.10000E+03   0.20000E+01   0.66667E+00
        97       1   0.00000E+00   0.20000E+01   0.10000E+03   0.20000E+01   0.66667E+00
        98       1   0.00000E+00   0.20000E+01   0.10000E+03   0.20000E+01   0.66667E+00
        99       1   0.00000E+00   0.20000E+01   0.10000E+03   0.20000E+01   0.66667E+00
       100       1   0.00000E+00   0.20000E+01   0.10000E+03   0.20000E+01   0.66667E+00
       101       1   0.00000E+00   0.20000E+01   0.10000E+03   0.20000E+01   0.66667E+00
       102       1   0.00000E+00   0.20000E+01   0.10000E+03   0.20000E+01   0.66667E+00
       103       1   0.00000E+00   0.20000E+01   0.10000E+03   0.20000E+01   0.66667E+00
       104       1   0.00000E+00   0.20000E+01   0.10000E+03   0.20000E+01   0.66667E+00
       105       1   0.00000E+00   0.20000E+01   0.10000E+03   0.20000E+01   0.66667E+00
       106       1   0.00000E+00   0.20000E+01   0.10000E+03   0.20000E+01   0.66667E+00
       107       1   0.00000E+00   0.20000E+01   0.10000E+03   0.20000E+01   0.66667E+00
       108       1   0.00000E+00   0.20000E+01   0.10000E+03   0.20000E+01   0.66667E+00
       109       1   0.00000E+00   0.20000E+01   0.10000E+03   0.20000E+01   0.66667E+00
       110       1   0.00000E+00   0.20000E+01   0.10000E+03   0.20000E+01   0.66667E+00
       111       1   0.00000E+00   0.20000E+01   0.10000E+03   0.20000E+01   0.66667E+00
       112       1   0.00000E+00   0.20000E+01   0.10000E+03   0.20000E+01   0.66667E+00
       116       1   0.00000E+00   0.20000E+01   0.10000E+03   0.20000E+01   0.66667E+00
       117       1   0.00000E+00   0.20000E+01   0.10000E+03   0.20000E+01   0.66667E+00
         3       1   0.00000E+00   0.20000E+01   0.10000E+03   0.20000E+01   0.66667E+00
         4       1   0.00000E+00   0.20000E+01   0.10000E+03   0.20000E+01   0.66667E+00
         5       1   0.00000E+00   0.20000E+01   0.10000E+03   0.20000E+01   0.66667E+00
        33       1   0.00000E+00   0.20000E+01   0.10000E+03   0.20000E+01   0.66667E+00
        34       1   0.00000E+00   0.20000E+01   0.10000E+03   0.20000E+01   0.66667E+00
        35       1   0.00000E+00   0.20000E+01   0.10000E+03   0.20000E+01   0.66667E+00
        38       1   0.00000E+00   0.20000E+01   0.10000E+03   0.20000E+01   0.66667E+00
        39       1   0.00000E+00   0.20000E+01   0.10000E+03   0.20000E+01   0.66667E+00
        40       1   0.00000E+00   0.20000E+01   0.10000E+03   0.20000E+01   0.66667E+00
        43       1   0.00000E+00   0.20000E+01   0.10000E+03   0.20000E+01   0.66667E+00
        44       1   0.00000E+00   0.20000E+01   0.10000E+03   0.20000E+01   0.66667E+00
        45       1   0.00000E+00   0.20000E+01   0.10000E+03   0.20000E+01   0.66667E+00
        73       1   0.00000E+00   0.20000E+01   0.10000E+03   0.20000E+01   0.66667E+00
        74       1   0.00000E+00   0.20000E+01   0.10000E+03   0.20000E+01   0.66667E+00
        75       1   0.00000E+00   0.20000E+01   0.10000E+03   0.20000E+01   0.66667E+00
        78       1   0.00000E+00   0.20000E+01   0.10000E+03   0.20000E+01   0.66667E+00
        79       1   0.00000E+00   0.20000E+01   0.10000E+03   0.20000E+01   0.66667E+00
        80       1   0.00000E+00   0.20000E+01   0.10000E+03   0.20000E+01   0.66667E+00
        83       1   0.00000E+00   0.20000E+01   0.10000E+03   0.20000E+01   0.66667E+00
        84       1   0.00000E+00   0.20000E+01   0.10000E+03   0.20000E+01   0.66667E+00
        85       1   0.00000E+00   0.20000E+01   0.10000E+03   0.20000E+01   0.66667E+00
       113       1   0.00000E+00   0.20000E+01   0.10000E+03   0.20000E+01   0.66667E+00
       114       1   0.00000E+00   0.20000E+01   0.10000E+03   0.20000E+01   0.66667E+00
       115       1   0.00000E+00   0.20000E+01   0.10000E+03   0.20000E+01   0.66667E+00
       118       1   0.00000E+00   0.20000E+01   0.10000E+03   0.20000E+01   0.66667E+00
       119       1   0.00000E+00   0.20000E+01   0.10000E+03   0.20000E+01   0.66667E+00
       120       1   0.00000E+00   0.20000E+01   0.10000E+03   0.20000E+01   0.66667E+00

Local RMS errors:
            Deriv#                                   % error  Absolute err  Relative err
                 1                               0.10000E+03   0.20000E+01   0.66667E+00
Local + Ghost RMS errors:
            Deriv#                                   % error  Absolute err  Relative err
                 1                               0.10000E+03   0.20000E+01   0.66667E+00
Global RMS errors:
            Deriv#                                   % error  Absolute err  Relative err
                 1                               0.10000E+03   0.20000E+01   0.66667E+00

Component 4 : 4

Nodal errors:
     Node#  Deriv#     Numerical      Analytic       % error  Absolute err  Relative err
         1       1   0.00000E+00   0.00000E+00   0.00000E+00   0.00000E+00   0.00000E+00
        11       1   0.00000E+00   0.00000E+00   0.00000E+00   0.00000E+00   0.00000E+00
        13       1   0.00000E+00   0.00000E+00   0.00000E+00   0.00000E+00   0.00000E+00
        15       1   0.00000E+00   0.00000E+00   0.00000E+00   0.00000E+00   0.00000E+00
        21       1   0.00000E+00   0.00000E+00   0.00000E+00   0.00000E+00   0.00000E+00
        23       1   0.00000E+00   0.00000E+00   0.00000E+00   0.00000E+00   0.00000E+00
        25       1   0.00000E+00   0.00000E+00   0.00000E+00   0.00000E+00   0.00000E+00
        31       1   0.00000E+00   0.00000E+00   0.00000E+00   0.00000E+00   0.00000E+00
        81       1   0.00000E+00   0.00000E+00   0.00000E+00   0.00000E+00   0.00000E+00
        91       1   0.00000E+00   0.00000E+00   0.00000E+00   0.00000E+00   0.00000E+00
        93       1   0.00000E+00   0.00000E+00   0.00000E+00   0.00000E+00   0.00000E+00
        95       1   0.00000E+00   0.00000E+00   0.00000E+00   0.00000E+00   0.00000E+00
       101       1   0.00000E+00   0.00000E+00   0.00000E+00   0.00000E+00   0.00000E+00
       103       1   0.00000E+00   0.00000E+00   0.00000E+00   0.00000E+00   0.00000E+00
       105       1   0.00000E+00   0.00000E+00   0.00000E+00   0.00000E+00   0.00000E+00
       111       1   0.00000E+00   0.00000E+00   0.00000E+00   0.00000E+00   0.00000E+00
         3       1   0.00000E+00   0.00000E+00   0.00000E+00   0.00000E+00   0.00000E+00
         5       1   0.00000E+00   0.00000E+00   0.00000E+00   0.00000E+00   0.00000E+00
        33       1   0.00000E+00   0.00000E+00   0.00000E+00   0.00000E+00   0.00000E+00
        35       1   0.00000E+00   0.00000E+00   0.00000E+00   0.00000E+00   0.00000E+00
        83       1   0.00000E+00   0.00000E+00   0.00000E+00   0.00000E+00   0.00000E+00
        85       1   0.00000E+00   0.00000E+00   0.00000E+00   0.00000E+00   0.00000E+00
       113       1   0.00000E+00   0.00000E+00   0.00000E+00   0.00000E+00   0.00000E+00
       115       1   0.00000E+00   0.00000E+00   0.00000E+00   0.00000E+00   0.00000E+00

Local RMS errors:
            Deriv#                                   % error  Absolute err  Relative err
                 1                               0.00000E+00   0.00000E+00   0.00000E+00
Local + Ghost RMS errors:
            Deriv#                                   % error  Absolute err  Relative err
                 1                               0.00000E+00   0.00000E+00   0.00000E+00
Global RMS errors:
            Deriv#                                   % error  Absolute err  Relative err
                 1                               0.00000E+00   0.00000E+00   0.00000E+00

Local Integral errors:
Component#             Numerical      Analytic       % error  Absolute err  Relative err
         1  Intg     0.00000E+00   0.18759E+01   0.10000E+03   0.18759E+01   0.65229E+00
            Intg^2   0.00000E+00   0.14832E+01   0.10000E+03   0.14832E+01   0.59729E+00
         2  Intg     0.00000E+00  -0.18759E+01   0.10000E+03   0.18759E+01   0.21416E+01
            Intg^2   0.00000E+00   0.14832E+01   0.10000E+03   0.14832E+01   0.59729E+00
         3  Intg     0.00000E+00   0.47500E+01   0.10000E+03   0.47500E+01   0.82609E+00
            Intg^2   0.00000E+00   0.95000E+01   0.10000E+03   0.95000E+01   0.90476E+00
         4  Intg     0.00000E+00   0.00000E+00   0.00000E+00   0.00000E+00   0.00000E+00
            Intg^2   0.00000E+00   0.00000E+00   0.00000E+00   0.00000E+00   0.00000E+00
Component#             Numerical      Analytic           NID        NID(%)
         1  Diff     0.18759E+01   0.18759E+01   0.00000E+00   0.00000E+00
            Diff^2   0.14832E+01   0.14832E+01   0.00000E+00   0.00000E+00
         2  Diff    -0.18759E+01  -0.18759E+01  -0.00000E+00  -0.00000E+00
            Diff^2   0.14832E+01   0.14832E+01   0.00000E+00   0.00000E+00
         3  Diff     0.47500E+01   0.47500E+01   0.00000E+00   0.00000E+00
            Diff^2   0.95000E+01   0.95000E+01   0.00000E+00   0.00000E+00
         4  Diff     0.00000E+00   0.00000E+00   0.00000E+00   0.00000E+00
            Diff^2   0.00000E+00   0.00000E+00   0.00000E+00   0.00000E+00
Local + Ghost Integral errors:
Component#             Numerical      Analytic       % error  Absolute err  Relative err
         1  Intg     0.00000E+00   0.21910E+01   0.10000E+03   0.21910E+01   0.68662E+00
            Intg^2   0.00000E+00   0.14832E+01   0.10000E+03   0.14832E+01   0.59729E+00
         2  Intg     0.00000E+00  -0.21910E+01   0.10000E+03   0.21910E+01   0.18396E+01
            Intg^2   0.00000E+00   0.14832E+01   0.10000E+03   0.14832E+01   0.59729E+00
         3  Intg     0.00000E+00   0.54640E+01   0.10000E+03   0.54640E+01   0.84530E+00
            Intg^2   0.00000E+00   0.95000E+01   0.10000E+03   0.95000E+01   0.90476E+00
         4  Intg     0.00000E+00   0.00000E+00   0.00000E+00   0.00000E+00   0.00000E+00
            Intg^2   0.00000E+00   0.00000E+00   0.00000E+00   0.00000E+00   0.00000E+00
Component#             Numerical      Analytic           NID        NID(%)
         1  Diff     0.21910E+01   0.21910E+01   0.00000E+00   0.00000E+00
            Diff^2   0.17613E+01   0.17613E+01   0.00000E+00   0.00000E+00
         2  Diff    -0.21910E+01  -0.21910E+01  -0.00000E+00  -0.00000E+00
            Diff^2   0.17613E+01   0.17613E+01   0.00000E+00   0.00000E+00
         3  Diff     0.54640E+01   0.54640E+01   0.00000E+00   0.00000E+00
            Diff^2   0.10928E+02   0.10928E+02   0.00000E+00   0.00000E+00
         4  Diff     0.00000E+00   0.00000E+00   0.00000E+00   0.00000E+00
            Diff^2   0.00000E+00   0.00000E+00   0.00000E+00   0.00000E+00
Global Integral errors:
Component#             Numerical      Analytic       % error  Absolute err  Relative err
         1  Intg     0.00000E+00   0.21910E+01   0.00000E+00   0.21910E+01   0.68662E+00
            Intg^2   0.00000E+00   0.17613E+01   0.10000E+03   0.17613E+01   0.63785E+00
         2  Intg     0.00000E+00  -0.21910E+01   0.10000E+03   0.21910E+01   0.18396E+01
            Intg^2   0.00000E+00   0.17613E+01   0.10000E+03   0.17613E+01   0.63785E+00
         3  Intg     0.00000E+00   0.54640E+01   0.10000E+03   0.54640E+01   0.84530E+00
            Intg^2   0.00000E+00   0.10928E+02   0.10000E+03   0.10928E+02   0.91616E+00
         4  Intg     0.00000E+00   0.00000E+00   0.10000E+03   0.00000E+00   0.00000E+00
            Intg^2   0.00000E+00   0.00000E+00   0.00000E+00   0.00000E+00   0.00000E+00
Component#             Numerical      Analytic           NID        NID(%)
         1  Diff     0.21910E+01   0.21910E+01   0.00000E+00   0.00000E+00
            Diff^2   0.17613E+01   0.17613E+01   0.00000E+00   0.00000E+00
         2  Diff    -0.21910E+01  -0.21910E+01  -0.00000E+00  -0.00000E+00
            Diff^2   0.17613E+01   0.17613E+01   0.00000E+00   0.00000E+00
         3  Diff     0.54640E+01   0.54640E+01   0.00000E+00   0.00000E+00
            Diff^2   0.10928E+02   0.10928E+02   0.00000E+00   0.00000E+00
         4  Diff     0.00000E+00   0.00000E+00   0.00000E+00   0.00000E+00
            Diff^2   0.00000E+00   0.00000E+00   0.00000E+00   0.00000E+00
