167
0.0000000000000000E+00
0.0000000000000000E+00
0.0000000000000000E+00
0.0000000000000000E+00
0.0000000000000000E+00
0.0000000000000000E+00
0.0000000000000000E+00
0.0000000000000000E+00
0.0000000000000000E+00
0.0000000000000000E+00
0.0000000000000000E+00
0.0000000000000000E+00
0.0000000000000000E+00
0.0000000000000000E+00
0.0000000000000000E+00
0.0000000000000000E+00
0.0000000000000000E+00
0.0000000000000000E+00
5.0000000000000000E-01
5.0000000000000000E-01
5.0000000000000000E-01
5.0000000000000000E-01
5.0000000000000000E-01
5.0000000000000000E-01
5.0000000000000000E-01
5.0000000000000000E-01
5.0000000000000000E-01
5.0000000000000000E-01
5.0000000000000000E-01
5.0000000000000000E-01
5.0000000000000000E-01
5.0000000000000000E-01
5.0000000000000000E-01
5.0000000000000000E-01
5.0000000000000000E-01
5.0000000000000000E-01
1.0000000000000000E+00
1.0000000000000000E+00
1.0000000000000000E+00
1.0000000000000000E+00
1.0000000000000000E+00
1.0000000000000000E+00
1.0000000000000000E+00
1.0000000000000000E+00
1.0000000000000000E+00
1.0000000000000000E+00
1.0000000000000000E+00
1.0000000000000000E+00
1.0000000000000000E+00
1.0000000000000000E+00
1.0000000000000000E+00
1.0000000000000000E+00
1.0000000000000000E+00
1.0000000000000000E+00
1.5000000000000000E+00
1.5000000000000000E+00
1.5000000000000000E+00
1.5000000000000000E+00
1.5000000000000000E+00
1.5000000000000000E+00
1.5000000000000000E+00
1.5000000000000000E+00
1.5000000000000000E+00
1.5000000000000000E+00
1.5000000000000000E+00
1.5000000000000000E+00
1.5000000000000000E+00
1.5000000000000000E+00
1.5000000000000000E+00
1.5000000000000000E+00
1.5000000000000000E+00
1.5000000000000000E+00
2.0000000000000000E+00
2.0000000000000000E+00
2.0000000000000000E+00
2.0000000000000000E+00
2.0000000000000000E+00
2.0000000000000000E+00
2.0000000000000000E+00
2.0000000000000000E+00
2.0000000000000000E+00
2.0000000000000000E+00
2.0000000000000000E+00
2.0000000000000000E+00
2.0000000000000000E+00
2.0000000000000000E+00
2.0000000000000000E+00
2.0000000000000000E+00
2.0000000000000000E+00
2.0000000000000000E+00
2.0000000000000000E+00
2.1000000000000001E+00
2.1000000000000001E+00
2.1000000000000001E+00
2.1000000000000001E+00
2.1000000000000001E+00
2.1000000000000001E+00
2.1000000000000001E+00
2.1000000000000001E+00
2.1000000000000001E+00
2.1000000000000001E+00
2.1000000000000001E+00
2.1000000000000001E+00
2.1000000000000001E+00
2.1000000000000001E+00
2.1000000000000001E+00
2.1000000000000001E+00
2.1000000000000001E+00
2.1000000000000001E+00
2.1000000000000001E+00
2.2000000000000002E+00
2.2000000000000002E+00
2.2000000000000002E+00
2.2000000000000002E+00
2.2000000000000002E+00
2.2000000000000002E+00
2.2000000000000002E+00
2.2000000000000002E+00
2.2000000000000002E+00
2.2000000000000002E+00
2.2000000000000002E+00
2.2000000000000002E+00
2.2000000000000002E+00
2.2000000000000002E+00
2.2000000000000002E+00
2.2000000000000002E+00
2.2000000000000002E+00
2.2000000000000002E+00
2.2000000000000002E+00
2.3000000000000003E+00
2.3000000000000003E+00
2.3000000000000003E+00
2.3000000000000003E+00
2.3000000000000003E+00
2.3000000000000003E+00
2.3000000000000003E+00
2.3000000000000003E+00
2.3000000000000003E+00
2.3000000000000003E+00
2.3000000000000003E+00
2.3000000000000003E+00
2.3000000000000003E+00
2.3000000000000003E+00
2.3000000000000003E+00
2.3000000000000003E+00
2.3000000000000003E+00
2.3000000000000003E+00
2.3000000000000003E+00
2.4000000000000004E+00
2.4000000000000004E+00
2.4000000000000004E+00
2.4000000000000004E+00
2.4000000000000004E+00
2.4000000000000004E+00
2.4000000000000004E+00
2.4000000000000004E+00
2.4000000000000004E+00
2.4000000000000004E+00
2.4000000000000004E+00
2.4000000000000004E+00
2.4000000000000004E+00
2.4000000000000004E+00
2.4000000000000004E+00
2.4000000000000004E+00
2.4000000000000004E+00
2.4000000000000004E+00
2.4000000000000004E+00
