*NODE
** # X Y Z
    1,  1.841163e+02, -4.517790e+01,  1.439620e+03
    2,  1.861592e+02, -6.960320e+00,  1.440136e+03
    3,  2.234192e+02, -1.368712e+01,  1.439836e+03
    4,  2.101229e+02, -4.332080e+01,  1.439204e+03
    5,  2.202100e+02, -5.289200e+01,  1.267600e+03
    6,  2.227400e+02, -5.784300e+01,  1.268700e+03
    7,  2.266400e+02, -5.128300e+01,  1.271500e+03
    8,  2.268900e+02, -5.575000e+01,  1.272100e+03
    9,  2.361076e+02, -2.552929e+01,  1.358434e+03
   10,  1.908700e+02, -2.234200e+01,  1.359800e+03
   11,  2.216900e+02, -5.900600e+01,  1.356400e+03
   12,  1.759300e+02, -5.817300e+01,  1.359200e+03
   13,  2.215600e+02, -3.017100e+01,  1.315000e+03
   14,  1.935200e+02, -4.144900e+01,  1.313700e+03
   15,  2.227700e+02, -5.016500e+01,  1.313000e+03
   16,  1.870600e+02, -6.343500e+01,  1.308600e+03
   17,  2.360000e+02, -1.995400e+01,  1.396700e+03
   18,  1.911600e+02, -7.539200e+00,  1.396100e+03
   19,  2.192183e+02, -5.352142e+01,  1.399234e+03
   20,  1.782400e+02, -5.404600e+01,  1.397900e+03
   21,  2.234300e+02, -5.208800e+01,  1.269600e+03
   22,  2.248200e+02, -5.679700e+01,  1.270400e+03
   23,  2.066700e+02, -3.420100e+01,  1.314000e+03
   24,  2.062900e+02, -6.885400e+01,  1.308900e+03
   25,  2.093900e+02, -1.961500e+01,  1.356900e+03
   26,  1.934100e+02, -8.148500e+01,  1.360000e+03
   27,  2.095000e+02, -3.996500e+00,  1.396500e+03
   28,  1.891400e+02, -7.073700e+01,  1.397900e+03
   29,  2.063892e+02, -8.458012e-02,  1.440836e+03
   30,  1.955992e+02, -4.182312e+01,  1.440236e+03
   31,  1.806692e+02, -1.521512e+01,  1.467636e+03
   32,  1.933292e+02, -1.897112e+01,  1.467336e+03
   33,  2.063892e+02, -2.080112e+01,  1.467436e+03
   34,  1.823892e+02, -2.949012e+01,  1.468136e+03
   35,  1.647792e+02, -2.389312e+01,  1.542136e+03
   36,  1.658592e+02, -2.112512e+01,  1.542236e+03
   37,  1.683392e+02, -2.278712e+01,  1.542536e+03
   38,  1.679688e+02, -2.591581e+01,  1.544423e+03
   39,  1.913492e+02, -2.737112e+01,  1.468036e+03
   40,  2.029287e+02, -3.197320e+01,  1.468015e+03
   41,  1.795988e+02, -2.811681e+01,  1.546624e+03
   42,  1.832888e+02, -2.959381e+01,  1.547323e+03
   43,  1.796788e+02, -2.342681e+01,  1.545524e+03
   44,  1.835388e+02, -2.452581e+01,  1.546423e+03
   45,  1.742592e+02, -2.316212e+01,  1.505236e+03
   46,  1.780092e+02, -2.371112e+01,  1.505636e+03
   47,  1.721292e+02, -2.088812e+01,  1.505236e+03
   48,  1.779092e+02, -2.153112e+01,  1.505636e+03
   49,  1.877392e+02, -2.788112e+01,  1.507136e+03
   50,  1.928892e+02, -2.799812e+01,  1.507536e+03
   51,  1.875092e+02, -2.296312e+01,  1.507236e+03
   52,  1.938892e+02, -2.396312e+01,  1.507836e+03
   53,  1.789292e+02, -2.526312e+01,  1.487236e+03
   54,  1.843092e+02, -2.509212e+01,  1.487036e+03
   55,  1.766792e+02, -2.129912e+01,  1.487336e+03
   56,  1.831392e+02, -2.235012e+01,  1.487136e+03
   57,  1.916092e+02, -2.660112e+01,  1.486936e+03
   58,  1.986492e+02, -2.984612e+01,  1.487636e+03
   59,  1.912992e+02, -2.271412e+01,  1.487136e+03
   60,  1.981692e+02, -2.553612e+01,  1.487236e+03
   61,  1.699892e+02, -2.350412e+01,  1.522336e+03
   62,  1.726792e+02, -2.365512e+01,  1.522636e+03
   63,  1.692092e+02, -2.008112e+01,  1.522336e+03
   64,  1.723892e+02, -2.034212e+01,  1.522836e+03
   65,  1.838492e+02, -2.624512e+01,  1.528436e+03
   66,  1.881292e+02, -2.866912e+01,  1.529036e+03
   67,  1.842292e+02, -2.141612e+01,  1.528036e+03
   68,  1.887092e+02, -2.344212e+01,  1.528636e+03
   69,  2.119600e+02, -6.483500e+01,  1.309900e+03
   70,  2.110300e+02, -3.274800e+01,  1.314200e+03
   71,  2.026900e+02, -7.817300e+01,  1.359200e+03
   72,  2.170000e+02, -2.070100e+01,  1.357000e+03
   73,  2.254400e+02, -5.648300e+01,  1.270900e+03
   74,  2.243900e+02, -5.184600e+01,  1.270200e+03
   75,  1.981000e+02, -6.826200e+01,  1.398300e+03
   76,  2.171000e+02, -7.417600e+00,  1.396600e+03
   77,  2.003892e+02, -4.217312e+01,  1.440136e+03
   78,  2.121592e+02, -2.725620e+00,  1.440636e+03
   79,  1.947692e+02, -2.825912e+01,  1.468136e+03
   80,  1.972192e+02, -1.966312e+01,  1.467336e+03
   81,  1.973600e+02, -6.672600e+01,  1.308700e+03
   82,  2.006400e+02, -3.746500e+01,  1.313800e+03
   83,  1.848000e+02, -7.121100e+01,  1.359700e+03
   84,  2.007094e+02, -2.051372e+01,  1.358193e+03
   85,  2.097900e+02, -6.815600e+01,  1.309200e+03
   86,  2.090200e+02, -3.318100e+01,  1.314000e+03
   87,  1.982100e+02, -8.288300e+01,  1.359800e+03
   88,  2.131500e+02, -1.969800e+01,  1.356700e+03
   89,  2.238700e+02, -5.727400e+01,  1.269600e+03
   90,  2.219600e+02, -5.245500e+01,  1.268700e+03
   91,  2.251700e+02, -5.662000e+01,  1.270700e+03
   92,  2.239700e+02, -5.195200e+01,  1.269900e+03
   93,  1.835100e+02, -6.338100e+01,  1.397900e+03
   94,  2.007889e+02, -4.855108e+00,  1.396348e+03
   95,  1.931400e+02, -7.167600e+01,  1.398000e+03
   96,  2.133400e+02, -4.690100e+00,  1.396600e+03
   97,  1.894292e+02, -4.416312e+01,  1.440036e+03
   98,  1.970492e+02, -2.947520e+00,  1.440536e+03
   99,  1.981192e+02, -4.146412e+01,  1.440336e+03
  100,  2.099192e+02, -2.330901e-01,  1.440836e+03
  101,  1.871892e+02, -2.824512e+01,  1.468136e+03
  102,  1.875392e+02, -1.728412e+01,  1.467536e+03
  103,  1.931092e+02, -2.744712e+01,  1.468036e+03
  104,  1.954892e+02, -1.948112e+01,  1.467336e+03
  105,  1.814892e+02, -2.518112e+01,  1.487136e+03
  106,  1.798092e+02, -2.180812e+01,  1.487236e+03
  107,  1.986692e+02, -2.992912e+01,  1.468136e+03
  108,  2.014792e+02, -2.020412e+01,  1.467336e+03
  109,  1.951292e+02, -2.822312e+01,  1.487336e+03
  110,  1.947292e+02, -2.412512e+01,  1.487136e+03
  111,  1.757092e+02, -2.337512e+01,  1.505336e+03
  112,  1.750192e+02, -2.091303e+01,  1.505337e+03
  113,  1.706992e+02, -2.354412e+01,  1.522436e+03
  114,  1.702092e+02, -2.009112e+01,  1.522736e+03
  115,  1.903092e+02, -2.794012e+01,  1.507336e+03
  116,  1.906992e+02, -2.346312e+01,  1.507536e+03
  117,  1.859892e+02, -2.745712e+01,  1.528736e+03
  118,  1.864692e+02, -2.242912e+01,  1.528336e+03
  119,  1.659492e+02, -2.465012e+01,  1.542436e+03
  120,  1.666692e+02, -2.166212e+01,  1.542436e+03
  121,  1.814388e+02, -2.885581e+01,  1.546923e+03
  122,  1.816088e+02, -2.397681e+01,  1.545923e+03
  123,  2.170900e+02, -5.812100e+01,  1.311300e+03
  124,  2.159100e+02, -3.152900e+01,  1.314500e+03
  125,  2.117100e+02, -6.947400e+01,  1.357900e+03
  126,  2.260700e+02, -2.277300e+01,  1.357500e+03
  127,  2.261100e+02, -5.614300e+01,  1.271400e+03
  128,  2.254400e+02, -5.158500e+01,  1.270800e+03
  129,  2.081788e+02, -6.337156e+01,  1.399280e+03
  130,  2.258700e+02, -1.312800e+01,  1.396700e+03
  131,  2.057592e+02, -4.350112e+01,  1.439936e+03
  132,  2.174892e+02, -7.722219e+00,  1.440336e+03
  133,  1.884741e+02, -2.595880e+01,  1.486927e+03
  134,  1.874830e+02, -2.297249e+01,  1.486856e+03
  135,  1.836074e+02, -2.595510e+01,  1.506323e+03
  136,  1.835718e+02, -2.235612e+01,  1.506431e+03
  137,  1.792292e+02, -2.500412e+01,  1.525636e+03
  138,  1.793846e+02, -2.089320e+01,  1.525168e+03
  139,  1.746188e+02, -2.756381e+01,  1.545624e+03
  140,  1.747588e+02, -2.358781e+01,  1.544624e+03
  141,  1.902900e+02, -5.244200e+01,  1.311100e+03
  142,  1.809369e+02, -3.985423e+01,  1.358884e+03
  143,  1.992600e+02, -5.213300e+01,  1.311300e+03
  144,  1.930100e+02, -4.603900e+01,  1.358900e+03
  145,  2.064800e+02, -5.152700e+01,  1.311400e+03
  146,  2.014000e+02, -5.055000e+01,  1.358500e+03
  147,  2.094900e+02, -5.067200e+01,  1.311600e+03
  148,  2.058200e+02, -5.132600e+01,  1.358300e+03
  149,  2.214800e+02, -5.536700e+01,  1.268200e+03
  150,  2.230900e+02, -5.479200e+01,  1.269300e+03
  151,  2.241200e+02, -5.444200e+01,  1.270000e+03
  152,  2.245800e+02, -5.429100e+01,  1.270200e+03
  153,  1.804179e+02, -2.959091e+01,  1.396810e+03
  154,  1.927800e+02, -3.450300e+01,  1.397000e+03
  155,  1.993200e+02, -3.736700e+01,  1.397200e+03
  156,  2.033300e+02, -3.821200e+01,  1.397400e+03
  157,  1.810112e+02, -2.778200e+01,  1.440841e+03
  158,  1.943292e+02, -2.367312e+01,  1.440136e+03
  159,  2.009892e+02, -2.095412e+01,  1.440536e+03
  160,  2.042792e+02, -2.092112e+01,  1.440736e+03
  161,  1.815292e+02, -2.235212e+01,  1.467936e+03
  162,  1.874092e+02, -2.276912e+01,  1.467736e+03
  163,  1.923392e+02, -2.317112e+01,  1.467736e+03
  164,  1.944392e+02, -2.348812e+01,  1.467836e+03
  165,  1.777992e+02, -2.328112e+01,  1.487236e+03
  166,  1.806292e+02, -2.349512e+01,  1.487136e+03
  167,  1.959892e+02, -2.396112e+01,  1.467736e+03
  168,  1.914492e+02, -2.465712e+01,  1.487036e+03
  169,  1.997792e+02, -2.498812e+01,  1.467536e+03
  170,  1.949292e+02, -2.617412e+01,  1.487236e+03
  171,  1.731892e+02, -2.202512e+01,  1.505236e+03
  172,  1.695992e+02, -2.179312e+01,  1.522336e+03
  173,  1.756094e+02, -2.201553e+01,  1.505438e+03
  174,  1.703292e+02, -2.177812e+01,  1.522436e+03
  175,  1.876192e+02, -2.542212e+01,  1.507136e+03
  176,  1.840392e+02, -2.383012e+01,  1.528236e+03
  177,  1.905092e+02, -2.570112e+01,  1.507436e+03
  178,  1.862292e+02, -2.494312e+01,  1.528536e+03
  179,  1.653192e+02, -2.250912e+01,  1.542136e+03
  180,  1.661992e+02, -2.308912e+01,  1.542236e+03
  181,  1.796388e+02, -2.577181e+01,  1.546124e+03
  182,  1.815288e+02, -2.641581e+01,  1.546423e+03
  183,  2.114900e+02, -4.879200e+01,  1.312100e+03
  184,  2.098400e+02, -4.943700e+01,  1.358100e+03
  185,  2.162300e+02, -4.483700e+01,  1.313000e+03
  186,  2.186300e+02, -4.603100e+01,  1.357700e+03
  187,  2.249100e+02, -5.416400e+01,  1.270500e+03
  188,  2.255400e+02, -5.388500e+01,  1.271200e+03
  189,  2.076000e+02, -3.784000e+01,  1.397400e+03
  190,  2.168100e+02, -3.740500e+01,  1.397600e+03
  191,  2.062692e+02, -2.244912e+01,  1.440436e+03
  192,  2.108392e+02, -2.527012e+01,  1.439836e+03
  193,  1.837192e+02, -2.372112e+01,  1.487136e+03
  194,  1.878888e+02, -2.439309e+01,  1.486962e+03
  195,  1.779592e+02, -2.262112e+01,  1.505636e+03
  196,  1.835082e+02, -2.421058e+01,  1.506264e+03
  197,  1.725292e+02, -2.199912e+01,  1.522736e+03
  198,  1.792661e+02, -2.312550e+01,  1.525219e+03
  199,  1.681592e+02, -2.437812e+01,  1.542636e+03
  200,  1.745784e+02, -2.516349e+01,  1.545446e+03
  201,  2.051888e+02, -2.640010e+01,  1.468251e+03
  202,  1.984092e+02, -2.769112e+01,  1.487436e+03
  203,  1.933892e+02, -2.598012e+01,  1.507736e+03
  204,  1.884192e+02, -2.605612e+01,  1.528836e+03
  205,  1.834088e+02, -2.705981e+01,  1.546823e+03
  206,  2.221600e+02, -4.016800e+01,  1.314000e+03
  207,  2.296329e+02, -4.262380e+01,  1.357417e+03
  208,  2.267700e+02, -5.351700e+01,  1.271800e+03
  209,  2.294640e+02, -3.915713e+01,  1.398669e+03
  210,  2.185004e+02, -3.071805e+01,  1.440106e+03
  211,  1.790000e+02, -6.142100e+01,  1.334100e+03
  212,  1.894800e+02, -6.994300e+01,  1.334300e+03
  213,  1.823670e+02, -4.628902e+01,  1.335347e+03
  214,  1.946500e+02, -4.952000e+01,  1.335400e+03
  215,  1.989900e+02, -7.660000e+01,  1.334300e+03
  216,  2.032400e+02, -7.692100e+01,  1.334300e+03
  217,  2.029800e+02, -5.164400e+01,  1.335100e+03
  218,  2.067600e+02, -5.161800e+01,  1.335100e+03
  219,  2.034800e+02, -6.132000e+01,  1.287700e+03
  220,  2.097700e+02, -6.237100e+01,  1.288300e+03
  221,  2.045600e+02, -5.447900e+01,  1.289200e+03
  222,  2.102200e+02, -5.382400e+01,  1.289900e+03
  223,  2.152100e+02, -6.278000e+01,  1.288800e+03
  224,  2.173400e+02, -6.226000e+01,  1.289100e+03
  225,  2.145600e+02, -5.287900e+01,  1.290300e+03
  226,  2.164400e+02, -5.223300e+01,  1.290500e+03
  227,  1.761500e+02, -5.619000e+01,  1.378800e+03
  228,  1.829700e+02, -6.867500e+01,  1.379000e+03
  229,  1.815872e+02, -3.440863e+01,  1.377775e+03
  230,  1.923700e+02, -4.047900e+01,  1.377900e+03
  231,  1.900400e+02, -7.875100e+01,  1.379300e+03
  232,  1.945200e+02, -7.996900e+01,  1.379200e+03
  233,  1.999400e+02, -4.495000e+01,  1.377700e+03
  234,  2.042200e+02, -4.582000e+01,  1.377700e+03
  235,  1.814081e+02, -4.928269e+01,  1.420182e+03
  236,  1.863390e+02, -5.500255e+01,  1.419646e+03
  237,  1.806169e+02, -2.787960e+01,  1.418562e+03
  238,  1.936609e+02, -2.856338e+01,  1.418595e+03
  239,  1.921909e+02, -5.670038e+01,  1.419295e+03
  240,  1.954008e+02, -5.696238e+01,  1.419395e+03
  241,  2.004609e+02, -2.832338e+01,  1.418895e+03
  242,  2.040009e+02, -2.880238e+01,  1.419095e+03
  243,  1.841053e+02, -3.744448e+01,  1.456042e+03
  244,  1.892292e+02, -3.522212e+01,  1.455936e+03
  245,  1.812075e+02, -2.521035e+01,  1.455826e+03
  246,  1.913092e+02, -2.260812e+01,  1.455836e+03
  247,  1.943092e+02, -3.294512e+01,  1.456036e+03
  248,  1.961392e+02, -3.281812e+01,  1.456036e+03
  249,  1.971392e+02, -2.114012e+01,  1.456136e+03
  250,  1.997292e+02, -2.125012e+01,  1.456336e+03
  251,  1.809592e+02, -2.637112e+01,  1.478436e+03
  252,  1.842792e+02, -2.605912e+01,  1.478336e+03
  253,  1.801692e+02, -2.273412e+01,  1.478236e+03
  254,  1.840092e+02, -2.330012e+01,  1.478036e+03
  255,  1.926592e+02, -2.644912e+01,  1.480536e+03
  256,  1.962792e+02, -2.812812e+01,  1.480736e+03
  257,  1.927692e+02, -2.448612e+01,  1.480336e+03
  258,  1.961492e+02, -2.570812e+01,  1.480236e+03
  259,  1.721492e+02, -2.318012e+01,  1.513636e+03
  260,  1.730892e+02, -2.341912e+01,  1.513736e+03
  261,  1.712392e+02, -2.191712e+01,  1.513636e+03
  262,  1.726492e+02, -2.202412e+01,  1.513736e+03
  263,  1.857892e+02, -2.706312e+01,  1.517736e+03
  264,  1.881492e+02, -2.769912e+01,  1.518036e+03
  265,  1.858292e+02, -2.462612e+01,  1.517736e+03
  266,  1.883692e+02, -2.532212e+01,  1.518036e+03
  267,  1.766392e+02, -2.392512e+01,  1.496336e+03
  268,  1.788792e+02, -2.377712e+01,  1.496436e+03
  269,  1.755392e+02, -2.239412e+01,  1.496336e+03
  270,  1.780992e+02, -2.262312e+01,  1.496436e+03
  271,  1.896692e+02, -2.724112e+01,  1.497036e+03
  272,  1.927192e+02, -2.808212e+01,  1.497336e+03
  273,  1.894704e+02, -2.502032e+01,  1.497072e+03
  274,  1.927192e+02, -2.593812e+01,  1.497336e+03
  275,  1.674392e+02, -2.369812e+01,  1.532036e+03
  276,  1.686292e+02, -2.384312e+01,  1.532336e+03
  277,  1.674692e+02, -2.214612e+01,  1.532036e+03
  278,  1.684092e+02, -2.224112e+01,  1.532236e+03
  279,  1.817292e+02, -2.720812e+01,  1.536736e+03
  280,  1.837192e+02, -2.818312e+01,  1.537036e+03
  281,  1.818392e+02, -2.482812e+01,  1.536336e+03
  282,  1.838792e+02, -2.570612e+01,  1.536736e+03
  283,  2.068000e+02, -7.264400e+01,  1.334300e+03
  284,  2.141900e+02, -6.424600e+01,  1.334500e+03
  285,  2.099600e+02, -4.949100e+01,  1.335200e+03
  286,  2.170400e+02, -4.525000e+01,  1.335500e+03
  287,  2.184400e+02, -6.034100e+01,  1.289700e+03
  288,  2.209700e+02, -5.639100e+01,  1.290900e+03
  289,  2.175100e+02, -5.105600e+01,  1.290900e+03
  290,  2.198800e+02, -4.857700e+01,  1.291800e+03
  291,  1.996600e+02, -7.571300e+01,  1.378900e+03
  292,  2.097430e+02, -6.889903e+01,  1.378918e+03
  293,  2.087400e+02, -4.467700e+01,  1.377600e+03
  294,  2.184900e+02, -4.254200e+01,  1.377400e+03
  295,  1.991309e+02, -5.566438e+01,  1.419495e+03
  296,  2.071696e+02, -5.480894e+01,  1.420275e+03
  297,  2.072709e+02, -2.956938e+01,  1.418995e+03
  298,  2.145609e+02, -3.123538e+01,  1.418995e+03
  299,  1.978692e+02, -3.369012e+01,  1.455936e+03
  300,  2.009719e+02, -3.506391e+01,  1.455587e+03
  301,  2.012992e+02, -2.216912e+01,  1.456036e+03
  302,  2.051392e+02, -2.419112e+01,  1.455536e+03
  303,  1.872111e+02, -2.574860e+01,  1.478652e+03
  304,  1.902955e+02, -2.604145e+01,  1.479334e+03
  305,  1.871432e+02, -2.405534e+01,  1.478221e+03
  306,  1.904670e+02, -2.461753e+01,  1.479126e+03
  307,  1.810492e+02, -2.426212e+01,  1.496536e+03
  308,  1.860475e+02, -2.615497e+01,  1.496502e+03
  309,  1.806792e+02, -2.291612e+01,  1.496536e+03
  310,  1.855802e+02, -2.399174e+01,  1.496943e+03
  311,  1.752392e+02, -2.345212e+01,  1.514036e+03
  312,  1.810252e+02, -2.544737e+01,  1.516404e+03
  313,  1.748192e+02, -2.236912e+01,  1.514036e+03
  314,  1.813322e+02, -2.335444e+01,  1.516286e+03
  315,  1.702792e+02, -2.466412e+01,  1.532536e+03
  316,  1.767392e+02, -2.658312e+01,  1.534836e+03
  317,  1.703192e+02, -2.297312e+01,  1.532536e+03
  318,  1.764859e+02, -2.386968e+01,  1.534622e+03
  319,  2.000692e+02, -2.992312e+01,  1.480936e+03
  320,  2.005658e+02, -2.696560e+01,  1.480685e+03
  321,  1.905092e+02, -2.833412e+01,  1.518336e+03
  322,  1.909092e+02, -2.601812e+01,  1.518236e+03
  323,  1.957692e+02, -2.892212e+01,  1.497536e+03
  324,  1.958992e+02, -2.683612e+01,  1.497536e+03
  325,  1.857092e+02, -2.915812e+01,  1.537436e+03
  326,  1.859192e+02, -2.658512e+01,  1.537036e+03
  327,  2.220600e+02, -5.453000e+01,  1.334600e+03
  328,  2.253700e+02, -4.059000e+01,  1.335800e+03
  329,  2.246500e+02, -5.205100e+01,  1.292300e+03
  330,  2.237400e+02, -4.594600e+01,  1.292700e+03
  331,  2.207374e+02, -5.722839e+01,  1.377544e+03
  332,  2.308622e+02, -4.212440e+01,  1.377946e+03
  333,  2.153392e+02, -4.969679e+01,  1.419729e+03
  334,  2.245169e+02, -3.493798e+01,  1.419687e+03
  335,  2.056069e+02, -3.565943e+01,  1.455728e+03
  336,  2.113992e+02, -2.722812e+01,  1.455836e+03
  337,  1.904500e+02, -3.205200e+01,  1.337600e+03
  338,  1.993500e+02, -2.907000e+01,  1.336600e+03
  339,  2.069600e+02, -2.672600e+01,  1.335800e+03
  340,  2.100200e+02, -2.625900e+01,  1.335700e+03
  341,  2.054100e+02, -4.770900e+01,  1.290500e+03
  342,  2.100200e+02, -4.524300e+01,  1.291200e+03
  343,  2.138500e+02, -4.298000e+01,  1.291700e+03
  344,  2.154000e+02, -4.231800e+01,  1.292000e+03
  345,  1.911900e+02, -1.378300e+01,  1.377600e+03
  346,  2.009523e+02, -1.138957e+01,  1.376710e+03
  347,  2.098400e+02, -1.114100e+01,  1.376100e+03
  348,  2.136800e+02, -1.158300e+01,  1.376000e+03
  349,  1.888409e+02, -5.992682e+00,  1.418195e+03
  350,  1.993309e+02, -2.450682e+00,  1.418495e+03
  351,  2.086709e+02,  7.779747e-04,  1.418695e+03
  352,  2.123609e+02, -4.278020e-01,  1.418695e+03
  353,  1.833192e+02, -1.068612e+01,  1.455836e+03
  354,  1.924992e+02, -9.676120e+00,  1.456136e+03
  355,  2.002392e+02, -9.112120e+00,  1.456336e+03
  356,  2.029492e+02, -9.505321e+00,  1.456336e+03
  357,  1.786192e+02, -1.879612e+01,  1.478036e+03
  358,  1.833492e+02, -2.041812e+01,  1.477936e+03
  359,  1.928692e+02, -2.247012e+01,  1.480236e+03
  360,  1.966292e+02, -2.316612e+01,  1.480236e+03
  361,  1.705792e+02, -2.037012e+01,  1.513636e+03
  362,  1.723592e+02, -2.048912e+01,  1.513936e+03
  363,  1.858692e+02, -2.218912e+01,  1.517636e+03
  364,  1.885892e+02, -2.294612e+01,  1.517936e+03
  365,  1.743392e+02, -2.155612e+01,  1.496436e+03
  366,  1.774206e+02, -2.165891e+01,  1.496483e+03
  367,  1.894092e+02, -2.283912e+01,  1.497136e+03
  368,  1.927192e+02, -2.379412e+01,  1.497336e+03
  369,  1.675192e+02, -2.042812e+01,  1.532136e+03
  370,  1.684492e+02, -2.070912e+01,  1.532436e+03
  371,  1.819592e+02, -2.244812e+01,  1.536036e+03
  372,  1.840392e+02, -2.322912e+01,  1.536336e+03
  373,  2.131600e+02, -2.631900e+01,  1.336000e+03
  374,  2.206100e+02, -2.635400e+01,  1.336500e+03
  375,  2.165100e+02, -4.190100e+01,  1.292100e+03
  376,  2.191300e+02, -4.079000e+01,  1.292600e+03
  377,  2.177600e+02, -1.359400e+01,  1.376300e+03
  378,  2.273200e+02, -1.781300e+01,  1.376700e+03
  379,  2.154809e+02, -3.324082e+00,  1.418595e+03
  380,  2.227509e+02, -9.427482e+00,  1.418595e+03
  381,  2.047192e+02, -1.074712e+01,  1.456236e+03
  382,  2.091592e+02, -1.331712e+01,  1.455836e+03
  383,  1.869517e+02, -2.221309e+01,  1.477987e+03
  384,  1.909070e+02, -2.259007e+01,  1.478836e+03
  385,  1.804239e+02, -2.201381e+01,  1.496541e+03
  386,  1.854581e+02, -2.271855e+01,  1.496658e+03
  387,  1.750792e+02, -2.073212e+01,  1.514136e+03
  388,  1.814592e+02, -2.151812e+01,  1.515936e+03
  389,  1.702692e+02, -2.133812e+01,  1.532536e+03
  390,  1.765943e+02, -2.217373e+01,  1.534202e+03
  391,  2.004947e+02, -2.395528e+01,  1.480292e+03
  392,  1.912992e+02, -2.370212e+01,  1.518236e+03
  393,  1.960292e+02, -2.474912e+01,  1.497536e+03
  394,  1.861292e+02, -2.401112e+01,  1.536736e+03
  395,  2.280115e+02, -2.839885e+01,  1.337515e+03
  396,  2.228100e+02, -3.977400e+01,  1.293000e+03
  397,  2.381000e+02, -2.268500e+01,  1.377100e+03
  398,  2.306009e+02, -1.624738e+01,  1.418395e+03
  399,  2.145692e+02, -1.656312e+01,  1.455636e+03
  400,  1.824062e+02, -6.258225e+01,  1.321400e+03
  401,  1.768412e+02, -5.995125e+01,  1.346700e+03
  402,  1.930200e+02, -6.857812e+01,  1.321525e+03
  403,  1.867400e+02, -7.082063e+01,  1.347025e+03
  404,  2.024250e+02, -7.308463e+01,  1.321562e+03
  405,  1.959850e+02, -7.940012e+01,  1.347113e+03
  406,  1.846232e+02, -4.923428e+01,  1.323097e+03
  407,  1.810582e+02, -4.320248e+01,  1.347234e+03
  408,  1.965838e+02, -5.093500e+01,  1.323425e+03
  409,  1.934588e+02, -4.788800e+01,  1.347225e+03
  410,  2.044900e+02, -5.173687e+01,  1.323287e+03
  411,  2.019500e+02, -5.124837e+01,  1.346838e+03
  412,  1.915488e+02, -3.678962e+01,  1.325863e+03
  413,  1.902238e+02, -2.723613e+01,  1.348912e+03
  414,  1.996537e+02, -3.325925e+01,  1.325350e+03
  415,  1.997287e+02, -2.489725e+01,  1.347550e+03
  416,  2.065475e+02, -3.041800e+01,  1.324988e+03
  417,  2.079075e+02, -2.312500e+01,  1.346438e+03
  418,  2.063250e+02, -7.288888e+01,  1.321700e+03
  419,  2.005350e+02, -8.025237e+01,  1.347000e+03
  420,  2.092487e+02, -6.902450e+01,  1.322037e+03
  421,  2.046138e+02, -7.569350e+01,  1.346688e+03
  422,  2.079012e+02, -5.129975e+01,  1.323387e+03
  423,  2.060663e+02, -5.162675e+01,  1.346738e+03
  424,  2.105488e+02, -4.923563e+01,  1.323675e+03
  425,  2.097238e+02, -4.955812e+01,  1.346675e+03
  426,  2.092538e+02, -2.967488e+01,  1.324938e+03
  427,  2.113188e+02, -2.293337e+01,  1.346287e+03
  428,  2.118813e+02, -2.943213e+01,  1.325200e+03
  429,  2.148663e+02, -2.340862e+01,  1.346600e+03
  430,  2.127550e+02, -5.975175e+01,  1.277963e+03
  431,  1.949150e+02, -6.254775e+01,  1.297912e+03
  432,  2.166087e+02, -5.991525e+01,  1.278738e+03
  433,  2.033537e+02, -6.464125e+01,  1.298287e+03
  434,  2.199288e+02, -5.977713e+01,  1.279387e+03
  435,  2.106638e+02, -6.580563e+01,  1.298637e+03
  436,  2.126888e+02, -5.506662e+01,  1.278588e+03
  437,  1.970938e+02, -5.360413e+01,  1.300037e+03
  438,  2.164162e+02, -5.439838e+01,  1.279500e+03
  439,  2.045013e+02, -5.306887e+01,  1.300500e+03
  440,  2.191550e+02, -5.363412e+01,  1.280050e+03
  441,  2.103350e+02, -5.217662e+01,  1.300750e+03
  442,  2.124462e+02, -5.043512e+01,  1.279012e+03
  443,  1.991013e+02, -4.471363e+01,  1.302062e+03
  444,  2.156700e+02, -4.891975e+01,  1.279938e+03
  445,  2.050100e+02, -4.142475e+01,  1.302488e+03
  446,  2.183400e+02, -4.749287e+01,  1.280625e+03
  447,  2.099600e+02, -3.854937e+01,  1.302825e+03
  448,  2.212200e+02, -5.940800e+01,  1.279688e+03
  449,  2.135300e+02, -6.517600e+01,  1.298938e+03
  450,  2.218750e+02, -5.833250e+01,  1.280125e+03
  451,  2.151350e+02, -6.250850e+01,  1.299625e+03
  452,  2.203613e+02, -5.319987e+01,  1.280250e+03
  453,  2.128163e+02, -5.139037e+01,  1.300950e+03
  454,  2.210375e+02, -5.250450e+01,  1.280600e+03
  455,  2.143275e+02, -4.981850e+01,  1.301400e+03
  456,  2.194113e+02, -4.707288e+01,  1.280963e+03
  457,  2.119362e+02, -3.768737e+01,  1.303012e+03
  458,  2.201500e+02, -4.677450e+01,  1.281125e+03
  459,  2.134700e+02, -3.722550e+01,  1.303125e+03
  460,  1.758062e+02, -5.720163e+01,  1.369062e+03
  461,  1.769612e+02, -5.513813e+01,  1.388412e+03
  462,  1.835887e+02, -7.028775e+01,  1.369400e+03
  463,  1.829438e+02, -6.637275e+01,  1.388500e+03
  464,  1.914162e+02, -8.077800e+01,  1.369738e+03
  465,  1.892812e+02, -7.540400e+01,  1.388688e+03
  466,  1.809919e+02, -3.708860e+01,  1.368222e+03
  467,  1.809300e+02, -3.206753e+01,  1.386815e+03
  468,  1.925587e+02, -4.331100e+01,  1.368387e+03
  469,  1.924438e+02, -3.754300e+01,  1.387438e+03
  470,  2.005650e+02, -4.799788e+01,  1.368062e+03
  471,  1.995250e+02, -4.140638e+01,  1.387412e+03
  472,  1.910737e+02, -1.777310e+01,  1.368613e+03
  473,  1.912188e+02, -1.037170e+01,  1.386762e+03
  474,  2.009445e+02, -1.594869e+01,  1.367357e+03
  475,  2.009507e+02, -7.890167e+00,  1.386363e+03
  476,  2.097137e+02, -1.521181e+01,  1.366350e+03
  477,  2.097688e+02, -7.402563e+00,  1.386150e+03
  478,  1.960762e+02, -8.209837e+01,  1.369575e+03
  479,  1.935412e+02, -7.649487e+01,  1.388675e+03
  480,  2.009913e+02, -7.756687e+01,  1.369088e+03
  481,  1.986962e+02, -7.261137e+01,  1.388637e+03
  482,  2.049312e+02, -4.883575e+01,  1.367963e+03
  483,  2.036862e+02, -4.227875e+01,  1.387512e+03
  484,  2.092950e+02, -4.731662e+01,  1.367812e+03
  485,  2.081750e+02, -4.151812e+01,  1.387463e+03
  486,  2.135237e+02, -1.548774e+01,  1.366188e+03
  487,  2.136187e+02, -7.983788e+00,  1.386137e+03
  488,  2.175575e+02, -1.703118e+01,  1.366525e+03
  489,  2.176075e+02, -1.038947e+01,  1.386325e+03
  490,  1.792530e+02, -5.311583e+01,  1.408208e+03
  491,  1.828356e+02, -4.738123e+01,  1.429734e+03
  492,  1.848855e+02, -5.908445e+01,  1.408395e+03
  493,  1.880921e+02, -4.977462e+01,  1.430007e+03
  494,  1.906655e+02, -6.377945e+01,  1.408520e+03
  495,  1.940740e+02, -4.912745e+01,  1.429682e+03
  496,  1.801012e+02, -2.860275e+01,  1.406883e+03
  497,  1.801931e+02, -2.759692e+01,  1.428894e+03
  498,  1.932917e+02, -3.135769e+01,  1.407670e+03
  499,  1.942452e+02, -2.574770e+01,  1.429231e+03
  500,  2.000117e+02, -3.259158e+01,  1.407920e+03
  501,  2.010252e+02, -2.419008e+01,  1.429581e+03
  502,  1.900905e+02, -6.407351e+00,  1.407033e+03
  503,  1.877690e+02, -5.922857e+00,  1.429044e+03
  504,  2.001587e+02, -2.834544e+00,  1.407208e+03
  505,  1.985003e+02, -2.037407e+00,  1.429394e+03
  506,  2.093117e+02, -1.443210e+00,  1.407471e+03
  507,  2.079352e+02,  7.078026e-01,  1.429632e+03
  508,  1.942580e+02, -6.437292e+01,  1.408621e+03
  509,  1.969265e+02, -4.907195e+01,  1.429782e+03
  510,  1.986318e+02, -6.203057e+01,  1.408833e+03
  511,  1.999553e+02, -4.879108e+01,  1.429744e+03
  512,  2.037592e+02, -3.327182e+01,  1.408121e+03
  513,  2.044128e+02, -2.443133e+01,  1.429782e+03
  514,  2.075643e+02, -3.351657e+01,  1.408083e+03
  515,  2.070778e+02, -2.562608e+01,  1.429594e+03
  516,  2.130780e+02, -2.006181e+00,  1.407508e+03
  517,  2.115465e+02,  4.173764e-01,  1.429619e+03
  518,  2.165480e+02, -4.889638e+00,  1.407458e+03
  519,  2.142565e+02, -2.348595e+00,  1.429469e+03
  520,  2.155875e+02, -6.129562e+01,  1.322875e+03
  521,  2.128975e+02, -6.697212e+01,  1.346175e+03
  522,  2.223725e+02, -5.233363e+01,  1.323775e+03
  523,  2.218325e+02, -5.675412e+01,  1.345475e+03
  524,  2.165375e+02, -4.499750e+01,  1.324287e+03
  525,  2.177375e+02, -4.559450e+01,  1.346637e+03
  526,  2.236925e+02, -4.023775e+01,  1.324938e+03
  527,  2.273264e+02, -4.150050e+01,  1.346631e+03
  528,  2.181650e+02, -2.874225e+01,  1.325625e+03
  529,  2.232450e+02, -2.436425e+01,  1.347125e+03
  530,  2.246350e+02, -2.905213e+01,  1.326449e+03
  531,  2.318707e+02, -2.644255e+01,  1.347921e+03
  532,  2.233825e+02, -5.608175e+01,  1.281037e+03
  533,  2.188725e+02, -5.707075e+01,  1.300988e+03
  534,  2.257250e+02, -5.367387e+01,  1.282137e+03
  535,  2.236650e+02, -5.088137e+01,  1.302588e+03
  536,  2.224588e+02, -5.103500e+01,  1.281425e+03
  537,  2.178038e+02, -4.651100e+01,  1.302325e+03
  538,  2.250737e+02, -4.950737e+01,  1.282200e+03
  539,  2.227688e+02, -4.283287e+01,  1.303300e+03
  540,  2.218987e+02, -4.599575e+01,  1.281688e+03
  541,  2.171337e+02, -3.596775e+01,  1.303537e+03
  542,  2.244025e+02, -4.529025e+01,  1.282188e+03
  543,  2.218625e+02, -3.473425e+01,  1.303938e+03
  544,  2.105355e+02, -7.035191e+01,  1.368718e+03
  545,  2.090613e+02, -6.652393e+01,  1.389080e+03
  546,  2.216987e+02, -5.867413e+01,  1.366938e+03
  547,  2.199221e+02, -5.553704e+01,  1.388321e+03
  548,  2.187525e+02, -4.449250e+01,  1.367488e+03
  549,  2.178425e+02, -4.017950e+01,  1.387438e+03
  550,  2.309655e+02, -4.317703e+01,  1.367911e+03
  551,  2.310578e+02, -4.088890e+01,  1.388563e+03
  552,  2.270325e+02, -2.025863e+01,  1.367000e+03
  553,  2.269325e+02, -1.543612e+01,  1.386600e+03
  554,  2.378112e+02, -2.399837e+01,  1.367600e+03
  555,  2.374962e+02, -2.133688e+01,  1.386800e+03
  556,  2.078030e+02, -5.921302e+01,  1.409738e+03
  557,  2.066366e+02, -4.978701e+01,  1.430349e+03
  558,  2.173963e+02, -5.175336e+01,  1.409430e+03
  559,  2.132835e+02, -4.688384e+01,  1.429712e+03
  560,  2.159143e+02, -3.425032e+01,  1.408233e+03
  561,  2.131077e+02, -2.798783e+01,  1.429344e+03
  562,  2.277580e+02, -3.655970e+01,  1.409432e+03
  563,  2.219650e+02, -3.275343e+01,  1.429899e+03
  564,  2.246230e+02, -1.098402e+01,  1.407533e+03
  565,  2.206115e+02, -8.086070e+00,  1.429344e+03
  566,  2.335680e+02, -1.791307e+01,  1.407445e+03
  567,  2.274565e+02, -1.458458e+01,  1.429006e+03
**
*ELEMENT
** # contibuting nodes
    1,    16,    81,    24,   141,   143,   145,    14,    82,    23,   400,   402,   404,   406,   408,   410,   412,   414,   416,   211,   212,   215,   213,   214,   217,   337,   338,   339
    2,    24,    85,    69,   145,   147,   183,    23,    86,    70,   404,   418,   420,   410,   422,   424,   416,   426,   428,   215,   216,   283,   217,   218,   285,   339,   340,   373
    3,     6,    89,    22,   149,   150,   151,     5,    90,    21,   430,   432,   434,   436,   438,   440,   442,   444,   446,   219,   220,   223,   221,   222,   225,   341,   342,   343
    4,    22,    91,    73,   151,   152,   187,    21,    92,    74,   434,   448,   450,   440,   452,   454,   446,   456,   458,   223,   224,   287,   225,   226,   289,   343,   344,   375
    5,    12,    83,    26,   142,   144,   146,    10,    84,    25,   460,   462,   464,   466,   468,   470,   472,   474,   476,   227,   228,   231,   229,   230,   233,   345,   346,   347
    6,    26,    87,    71,   146,   148,   184,    25,    88,    72,   464,   478,   480,   470,   482,   484,   476,   486,   488,   231,   232,   291,   233,   234,   293,   347,   348,   377
    7,    20,    93,    28,   153,   154,   155,    18,    94,    27,   490,   492,   494,   496,   498,   500,   502,   504,   506,   235,   236,   239,   237,   238,   241,   349,   350,   351
    8,    28,    95,    75,   155,   156,   189,    27,    96,    76,   494,   508,   510,   500,   512,   514,   506,   516,   518,   239,   240,   295,   241,   242,   297,   351,   352,   379
    9,     1,    97,    30,   157,   158,   159,     2,    98,    29,   243,   244,   247,   245,   246,   249,   353,   354,   355,    34,   101,    39,   161,   162,   163,    31,   102,    32
   10,    30,    99,    77,   159,   160,   191,    29,   100,    78,   247,   248,   299,   249,   250,   301,   355,   356,   381,    39,   103,    79,   163,   164,   167,    32,   104,    80
   11,    34,   101,    39,   161,   162,   163,    31,   102,    32,   251,   252,   303,   253,   254,   305,   357,   358,   383,    53,   105,    54,   165,   166,   193,    55,   106,    56
   12,    79,   107,    40,   167,   169,   201,    80,   108,    33,   255,   256,   319,   257,   258,   320,   359,   360,   391,    57,   109,    58,   168,   170,   202,    59,   110,    60
   13,    45,   111,    46,   171,   173,   195,    47,   112,    48,   259,   260,   311,   261,   262,   313,   361,   362,   387,    61,   113,    62,   172,   174,   197,    63,   114,    64
   14,    49,   115,    50,   175,   177,   203,    51,   116,    52,   263,   264,   321,   265,   266,   322,   363,   364,   392,    65,   117,    66,   176,   178,   204,    67,   118,    68
   15,    53,   105,    54,   165,   166,   193,    55,   106,    56,   267,   268,   307,   269,   270,   309,   365,   366,   385,    45,   111,    46,   171,   173,   195,    47,   112,    48
   16,    57,   109,    58,   168,   170,   202,    59,   110,    60,   271,   272,   323,   273,   274,   324,   367,   368,   393,    49,   115,    50,   175,   177,   203,    51,   116,    52
   17,    61,   113,    62,   172,   174,   197,    63,   114,    64,   275,   276,   315,   277,   278,   317,   369,   370,   389,    35,   119,    38,   179,   180,   199,    36,   120,    37
   18,    65,   117,    66,   176,   178,   204,    67,   118,    68,   279,   280,   325,   281,   282,   326,   371,   372,   394,    41,   121,    42,   181,   182,   205,    43,   122,    44
   19,    69,   123,    15,   183,   185,   206,    70,   124,    13,   420,   520,   522,   424,   524,   526,   428,   528,   530,   283,   284,   327,   285,   286,   328,   373,   374,   395
   20,    73,   127,     8,   187,   188,   208,    74,   128,     7,   450,   532,   534,   454,   536,   538,   458,   540,   542,   287,   288,   329,   289,   290,   330,   375,   376,   396
   21,    71,   125,    11,   184,   186,   207,    72,   126,     9,   480,   544,   546,   484,   548,   550,   488,   552,   554,   291,   292,   331,   293,   294,   332,   377,   378,   397
   22,    75,   129,    19,   189,   190,   209,    76,   130,    17,   510,   556,   558,   514,   560,   562,   518,   564,   566,   295,   296,   333,   297,   298,   334,   379,   380,   398
   23,    77,   131,     4,   191,   192,   210,    78,   132,     3,   299,   300,   335,   301,   302,   336,   381,   382,   399,    79,   107,    40,   167,   169,   201,    80,   108,    33
   24,    39,   103,    79,   163,   164,   167,    32,   104,    80,   303,   304,   255,   305,   306,   257,   383,   384,   359,    54,   133,    57,   193,   194,   168,    56,   134,    59
   25,    54,   133,    57,   193,   194,   168,    56,   134,    59,   307,   308,   271,   309,   310,   273,   385,   386,   367,    46,   135,    49,   195,   196,   175,    48,   136,    51
   26,    46,   135,    49,   195,   196,   175,    48,   136,    51,   311,   312,   263,   313,   314,   265,   387,   388,   363,    62,   137,    65,   197,   198,   176,    64,   138,    67
   27,    62,   137,    65,   197,   198,   176,    64,   138,    67,   315,   316,   279,   317,   318,   281,   389,   390,   371,    38,   139,    41,   199,   200,   181,    37,   140,    43
   28,   211,   212,   215,   213,   214,   217,   337,   338,   339,   401,   403,   405,   407,   409,   411,   413,   415,   417,    12,    83,    26,   142,   144,   146,    10,    84,    25
   29,   215,   216,   283,   217,   218,   285,   339,   340,   373,   405,   419,   421,   411,   423,   425,   417,   427,   429,    26,    87,    71,   146,   148,   184,    25,    88,    72
   30,   219,   220,   223,   221,   222,   225,   341,   342,   343,   431,   433,   435,   437,   439,   441,   443,   445,   447,    16,    81,    24,   141,   143,   145,    14,    82,    23
   31,   223,   224,   287,   225,   226,   289,   343,   344,   375,   435,   449,   451,   441,   453,   455,   447,   457,   459,    24,    85,    69,   145,   147,   183,    23,    86,    70
   32,   227,   228,   231,   229,   230,   233,   345,   346,   347,   461,   463,   465,   467,   469,   471,   473,   475,   477,    20,    93,    28,   153,   154,   155,    18,    94,    27
   33,   231,   232,   291,   233,   234,   293,   347,   348,   377,   465,   479,   481,   471,   483,   485,   477,   487,   489,    28,    95,    75,   155,   156,   189,    27,    96,    76
   34,   235,   236,   239,   237,   238,   241,   349,   350,   351,   491,   493,   495,   497,   499,   501,   503,   505,   507,     1,    97,    30,   157,   158,   159,     2,    98,    29
   35,   239,   240,   295,   241,   242,   297,   351,   352,   379,   495,   509,   511,   501,   513,   515,   507,   517,   519,    30,    99,    77,   159,   160,   191,    29,   100,    78
   36,   283,   284,   327,   285,   286,   328,   373,   374,   395,   421,   521,   523,   425,   525,   527,   429,   529,   531,    71,   125,    11,   184,   186,   207,    72,   126,     9
   37,   287,   288,   329,   289,   290,   330,   375,   376,   396,   451,   533,   535,   455,   537,   539,   459,   541,   543,    69,   123,    15,   183,   185,   206,    70,   124,    13
   38,   291,   292,   331,   293,   294,   332,   377,   378,   397,   481,   545,   547,   485,   549,   551,   489,   553,   555,    75,   129,    19,   189,   190,   209,    76,   130,    17
   39,   295,   296,   333,   297,   298,   334,   379,   380,   398,   511,   557,   559,   515,   561,   563,   519,   565,   567,    77,   131,     4,   191,   192,   210,    78,   132,     3
*FIBRE
** # X- Y- Z- ORIENTATION
    1,  1.684740e-01,  3.617923e-01,  8.701821e-01
    2, -6.899550e-02, -1.079069e-01,  9.278310e-01
    3, -5.796036e-01, -1.952834e-01,  7.811343e-01
    4, -4.644898e-01,  1.575446e-01,  8.602028e-01
    5, -7.087282e-01, -1.243421e-02,  6.923193e-01
    6, -5.748310e-01, -1.623758e-01,  7.313183e-01
    7, -1.043570e-01,  4.353388e-01,  8.825657e-01
    8, -1.711519e-01,  1.791088e-01,  9.240127e-01
    9,  2.147228e-01,  5.567847e-02,  9.087759e-01
   10, -2.154065e-01,  2.792564e-01,  9.300062e-01
   11,  6.264629e-02, -9.057394e-02,  9.732933e-01
   12, -2.811377e-01, -4.797625e-02,  9.533312e-01
   13, -1.169508e-01,  9.075118e-02,  9.657680e-01
   14, -4.900928e-01,  1.071548e-01,  8.418975e-01
   15, -2.826840e-01, -2.236040e-01,  9.213274e-01
   16, -6.332261e-01, -1.821008e-01,  7.231609e-01
   17,  1.024639e-01,  3.183163e-01,  9.368308e-01
   18,  3.147064e-02,  2.115714e-01,  8.992007e-01
   19,  1.775567e-01,  3.591911e-01,  9.076409e-01
   20,  1.754391e-01,  1.502983e-01,  9.127725e-01
   21, -3.220354e-01,  2.494288e-01,  8.399245e-01
   22, -3.296928e-01,  5.962234e-02,  8.577292e-01
   23,  1.570832e-02,  3.795716e-01,  8.713659e-01
   24, -2.122468e-01, -2.126440e-01,  9.052647e-01
   25,  2.240066e-03,  3.105853e-01,  9.051095e-01
   26, -2.565599e-01, -1.060906e-01,  9.025610e-01
   27,  1.732470e-01,  3.560683e-01,  8.852528e-01
   28,  2.422766e-01,  5.691093e-01,  7.566778e-01
   29,  1.829166e-02, -7.537389e-02,  9.397830e-01
   30,  2.457483e-01,  5.857216e-01,  7.235326e-01
   31, -3.866000e-01, -4.901278e-01,  7.641951e-01
   32, -3.432187e-01, -3.235535e-01,  8.140583e-01
   33, -5.557712e-01, -3.322580e-01,  6.487320e-01
   34, -3.807014e-01,  2.140083e-01,  8.832682e-01
   35, -4.548346e-01, -3.026381e-01,  8.271603e-01
   36, -4.483239e-01, -2.969283e-01,  8.327339e-01
   37, -4.396032e-01, -3.108625e-01,  8.327439e-01
   38, -4.616722e-01, -3.417744e-01,  8.083581e-01
   39, -2.459720e-01,  1.673672e-01,  8.907492e-01
   40, -4.146371e-01,  2.093196e-01,  8.176991e-01
   41, -1.001468e-01, -3.035829e-03,  9.421399e-01
   42,  1.146467e-02,  1.195979e-01,  9.850020e-01
   43, -1.712817e-01, -7.316526e-02,  9.287407e-01
   44, -2.400581e-02,  9.157037e-02,  9.849642e-01
   45, -5.128736e-01, -1.503300e-01,  8.394550e-01
   46, -5.190245e-01, -1.500364e-01,  8.353954e-01
   47, -4.967364e-01, -1.503298e-01,  8.489652e-01
   48, -5.187971e-01, -1.468894e-01,  8.362316e-01
   49, -1.003780e-01,  6.481759e-02,  9.433547e-01
   50,  3.810613e-02,  1.987483e-01,  9.730401e-01
   51, -1.705159e-01,  1.780533e-02,  9.306844e-01
   52,  4.341152e-02,  2.065727e-01,  9.709680e-01
   53, -5.037119e-01, -1.350084e-01,  8.376107e-01
   54, -3.811203e-01, -7.827062e-03,  8.760341e-01
   55, -4.805456e-01, -1.836801e-01,  8.411346e-01
   56, -4.473905e-01, -6.520397e-02,  8.543384e-01
   57,  7.341735e-03,  9.804757e-02,  9.658901e-01
   58,  3.462071e-02,  1.061498e-01,  9.842460e-01
   59, -3.635134e-02,  1.031423e-01,  9.573390e-01
   60,  4.958312e-02,  9.572794e-02,  9.840252e-01
   61, -4.304287e-01, -1.884929e-01,  8.768700e-01
   62, -4.425679e-01, -1.932662e-01,  8.694666e-01
   63, -4.261962e-01, -1.857316e-01,  8.790286e-01
   64, -4.357466e-01, -1.907109e-01,  8.730867e-01
   65, -1.138523e-01,  3.047661e-02,  9.473914e-01
   66,  2.746446e-03,  1.310597e-01,  9.818433e-01
   67, -1.664054e-01, -6.254148e-04,  9.288041e-01
   68,  6.608397e-03,  1.436454e-01,  9.784005e-01
   69, -1.117099e-01, -1.442177e-01,  9.517312e-01
   70,  2.120261e-02,  3.412540e-01,  8.867124e-01
   71, -1.746631e-01, -9.292514e-02,  9.173424e-01
   72,  1.247003e-01,  2.923536e-01,  8.908004e-01
   73, -2.808345e-01,  9.699956e-02,  8.788926e-01
   74, -2.496423e-01,  2.971645e-01,  8.635993e-01
   75,  2.605324e-01,  5.487969e-01,  7.869437e-01
   76,  2.275011e-01,  3.923618e-01,  8.842018e-01
   77,  5.590260e-02,  5.278045e-01,  7.586093e-01
   78, -8.816280e-02, -9.573585e-02,  9.187046e-01
   79, -1.240066e-01,  2.261621e-01,  9.191356e-01
   80, -2.923800e-01, -2.972874e-01,  8.447091e-01
   81, -5.847056e-01, -3.255788e-01,  7.256604e-01
   82, -4.424263e-01,  1.235870e-01,  8.672587e-01
   83, -3.657745e-01, -1.424393e-01,  9.118299e-01
   84, -2.078988e-01,  2.486472e-01,  9.384859e-01
   85, -9.411898e-02, -1.289730e-01,  9.701711e-01
   86,  7.116870e-02,  3.972893e-01,  8.737673e-01
   87, -1.842141e-01, -7.016718e-02,  9.128570e-01
   88,  7.226389e-02,  3.059675e-01,  8.961617e-01
   89, -4.106925e-01, -2.263195e-02,  8.268510e-01
   90, -4.606473e-01,  1.590864e-01,  7.908619e-01
   91, -3.021298e-01,  8.225849e-02,  8.692929e-01
   92, -2.806057e-01,  2.749254e-01,  8.542299e-01
   93,  1.721604e-01,  3.617670e-01,  8.628063e-01
   94,  2.345173e-02,  2.375582e-01,  9.007442e-01
   95,  2.755795e-01,  6.038082e-01,  7.406354e-01
   96,  2.382559e-01,  3.961219e-01,  8.771059e-01
   97,  1.749185e-01,  4.546655e-01,  8.092785e-01
   98, -6.487462e-02, -1.483514e-01,  8.933490e-01
   99,  2.436154e-01,  6.010079e-01,  7.165401e-01
  100,  1.974538e-02, -4.880696e-02,  9.547041e-01
  101, -5.006390e-01,  8.097869e-02,  8.434451e-01
  102, -5.059393e-01, -5.171567e-01,  6.570071e-01
  103, -1.655227e-01,  1.897504e-01,  9.173190e-01
  104, -2.846806e-01, -2.767155e-01,  8.571179e-01
  105, -4.838155e-01, -9.446396e-02,  8.445929e-01
  106, -4.982129e-01, -1.463425e-01,  8.390001e-01
  107, -3.212216e-01,  1.394104e-01,  8.682984e-01
  108, -4.496920e-01, -3.952859e-01,  6.688587e-01
  109,  6.895757e-02,  1.078140e-01,  9.823226e-01
  110,  7.292170e-02,  1.112788e-01,  9.778347e-01
  111, -5.147873e-01, -1.483583e-01,  8.389374e-01
  112, -5.124633e-01, -1.469866e-01,  8.402883e-01
  113, -4.318394e-01, -1.885961e-01,  8.761596e-01
  114, -4.256881e-01, -1.889121e-01,  8.788226e-01
  115,  1.615345e-02,  1.633777e-01,  9.678142e-01
  116,  2.892535e-02,  1.752071e-01,  9.677732e-01
  117, -2.449469e-02,  1.063074e-01,  9.744548e-01
  118, -4.848291e-02,  9.442146e-02,  9.631366e-01
  119, -4.520174e-01, -3.070358e-01,  8.274552e-01
  120, -4.457794e-01, -3.016144e-01,  8.326342e-01
  121, -3.671180e-02,  6.731543e-02,  9.694494e-01
  122, -9.116413e-02,  1.941880e-02,  9.613701e-01
  123, -3.602863e-01, -3.435446e-01,  8.584419e-01
  124, -2.015915e-01,  1.097019e-01,  9.517828e-01
  125, -1.780727e-02, -7.110063e-02,  9.619297e-01
  126,  2.204795e-01,  1.770125e-01,  9.059178e-01
  127, -2.334270e-01,  1.327722e-01,  8.987964e-01
  128, -1.801959e-01,  3.563876e-01,  8.791767e-01
  129,  1.978237e-01,  4.792873e-01,  8.483212e-01
  130,  1.719017e-01,  3.566479e-01,  9.117082e-01
  131, -4.129957e-01,  3.056803e-01,  8.464426e-01
  132, -5.323466e-01, -2.746176e-01,  7.856333e-01
  133, -1.360308e-01,  8.405092e-02,  9.422525e-01
  134, -1.985187e-01,  9.547152e-02,  9.269857e-01
  135, -4.384988e-01, -1.561063e-01,  8.749957e-01
  136, -4.401063e-01, -1.455959e-01,  8.764744e-01
  137, -4.631041e-01, -2.173869e-01,  8.532986e-01
  138, -4.751211e-01, -2.065782e-01,  8.494538e-01
  139, -4.285703e-01, -3.508330e-01,  8.226238e-01
  140, -3.963991e-01, -3.451898e-01,  8.431174e-01
  141, -5.852899e-01, -4.702556e-02,  7.821607e-01
  142, -2.539549e-01,  1.121540e-01,  9.551869e-01
  143, -5.521889e-01, -1.018640e-01,  8.080258e-01
  144, -2.850894e-01,  4.911265e-02,  9.494929e-01
  145, -1.614323e-01,  5.741186e-02,  9.254666e-01
  146, -1.571768e-01,  7.968458e-02,  9.306708e-01
  147, -3.681455e-02,  1.218809e-01,  9.558064e-01
  148, -1.547619e-02,  9.432523e-02,  9.218515e-01
  149, -6.382231e-01, -7.088722e-02,  7.071297e-01
  150, -3.966483e-01,  9.141206e-02,  8.239351e-01
  151, -3.221582e-01,  1.493915e-01,  8.481347e-01
  152, -2.960769e-01,  1.697856e-01,  8.577842e-01
  153,  1.039065e-01,  1.814888e-01,  9.104401e-01
  154,  1.020568e-01,  2.947603e-01,  8.890803e-01
  155,  2.012324e-01,  4.564714e-01,  8.297747e-01
  156,  2.672368e-01,  5.110418e-01,  8.102427e-01
  157,  1.870704e-02,  1.406563e-01,  9.323399e-01
  158,  1.984368e-02,  1.614547e-01,  8.997034e-01
  159,  9.979101e-02,  2.263419e-01,  8.947923e-01
  160, -2.380182e-02,  1.690615e-01,  8.834697e-01
  161, -3.907266e-01, -1.698956e-01,  8.872154e-01
  162, -5.399452e-01, -2.373699e-01,  7.795802e-01
  163, -2.760396e-01, -6.226425e-02,  8.916940e-01
  164, -2.038064e-01, -3.308580e-02,  9.227002e-01
  165, -4.911354e-01, -1.488214e-01,  8.428310e-01
  166, -4.923553e-01, -1.189789e-01,  8.425678e-01
  167, -1.926961e-01, -2.985146e-02,  9.230397e-01
  168, -2.211258e-02,  9.753087e-02,  9.623446e-01
  169, -3.741513e-01, -1.368107e-01,  8.140123e-01
  170,  6.649668e-02,  1.054221e-01,  9.813949e-01
  171, -5.050230e-01, -1.500455e-01,  8.442609e-01
  172, -4.265162e-01, -1.853007e-01,  8.795637e-01
  173, -5.117639e-01, -1.454190e-01,  8.413679e-01
  174, -4.284144e-01, -1.849892e-01,  8.787231e-01
  175, -1.339736e-01,  4.396891e-02,  9.385166e-01
  176, -1.455498e-01,  1.230454e-02,  9.382743e-01
  177,  1.062412e-02,  1.603055e-01,  9.672175e-01
  178, -4.328030e-02,  9.565097e-02,  9.685618e-01
  179, -4.479919e-01, -2.989641e-01,  8.324242e-01
  180, -4.443806e-01, -3.025415e-01,  8.332703e-01
  181, -1.388797e-01, -3.897547e-02,  9.365357e-01
  182, -7.613188e-02,  3.441692e-02,  9.637116e-01
  183, -8.927085e-02,  7.252340e-02,  9.435363e-01
  184,  5.466907e-02,  8.090962e-02,  9.065030e-01
  185, -3.030631e-01, -1.082724e-01,  9.324281e-01
  186, -6.502061e-02,  1.033524e-01,  9.013188e-01
  187, -2.733875e-01,  1.866020e-01,  8.666538e-01
  188, -2.245392e-01,  2.261716e-01,  8.849279e-01
  189,  2.444892e-01,  4.882483e-01,  8.307892e-01
  190,  1.866369e-01,  4.115849e-01,  8.855675e-01
  191, -9.929360e-02,  1.313146e-01,  8.767731e-01
  192, -4.221742e-01, -7.665507e-03,  8.718493e-01
  193, -4.190075e-01, -3.851814e-02,  8.652124e-01
  194, -1.720355e-01,  8.709949e-02,  9.335908e-01
  195, -5.168077e-01, -1.469693e-01,  8.375361e-01
  196, -4.393457e-01, -1.505658e-01,  8.763970e-01
  197, -4.362213e-01, -1.886209e-01,  8.738610e-01
  198, -4.632785e-01, -2.065856e-01,  8.557729e-01
  199, -4.460147e-01, -3.197736e-01,  8.260201e-01
  200, -4.107888e-01, -3.506652e-01,  8.325548e-01
  201, -5.016911e-01, -4.465426e-02,  7.545030e-01
  202,  4.196838e-02,  1.019421e-01,  9.842568e-01
  203,  3.778587e-02,  1.997616e-01,  9.731706e-01
  204,  2.060223e-03,  1.355992e-01,  9.807116e-01
  205, -1.631855e-02,  9.523559e-02,  9.834594e-01
  206, -2.116701e-01, -5.189371e-02,  9.587845e-01
  207,  2.577514e-01, -6.292094e-02,  9.362204e-01
  208, -1.450771e-01,  2.942066e-01,  9.111379e-01
  209,  1.398796e-01,  3.304212e-01,  9.261489e-01
  210, -5.330434e-01, -4.604830e-02,  8.374710e-01
  211, -4.465069e-01, -9.932855e-02,  8.812993e-01
  212, -4.475870e-01, -2.668980e-01,  8.458088e-01
  213, -3.848806e-01,  4.839241e-02,  9.145976e-01
  214, -3.709186e-01, -5.616503e-02,  9.201040e-01
  215, -2.542861e-01, -2.740990e-01,  8.775755e-01
  216, -1.617914e-01, -2.365956e-01,  9.108000e-01
  217, -1.579838e-01, -4.073239e-02,  9.394337e-01
  218, -3.140295e-02, -5.076165e-03,  9.491522e-01
  219, -7.733677e-01, -2.712158e-01,  5.608364e-01
  220, -6.971530e-01, -3.355163e-01,  6.211401e-01
  221, -7.448601e-01, -1.380681e-01,  6.409178e-01
  222, -6.817670e-01, -1.277431e-01,  7.088438e-01
  223, -3.015469e-01, -1.637665e-01,  8.805108e-01
  224, -2.007684e-01, -8.899848e-02,  9.411892e-01
  225, -2.647609e-01,  1.219437e-01,  8.937978e-01
  226, -1.740936e-01,  1.816796e-01,  9.246048e-01
  227,  9.424303e-03,  8.457253e-02,  9.456130e-01
  228, -6.823792e-02,  1.715244e-01,  9.260488e-01
  229,  2.617693e-03,  2.159668e-01,  9.248634e-01
  230, -4.292791e-02,  2.491379e-01,  9.143085e-01
  231,  5.336356e-02,  3.624401e-01,  8.929176e-01
  232,  1.397796e-01,  4.261050e-01,  8.883450e-01
  233,  8.796330e-02,  3.845300e-01,  8.732568e-01
  234,  2.079630e-01,  4.560532e-01,  8.588980e-01
  235,  1.725752e-02,  1.316313e-01,  9.376568e-01
  236,  2.874728e-02,  2.965937e-01,  8.942985e-01
  237, -5.157074e-02,  4.677844e-02,  9.472713e-01
  238, -2.240805e-02,  1.644375e-01,  9.304987e-01
  239,  2.300995e-01,  5.454947e-01,  7.535313e-01
  240,  3.209086e-01,  6.120197e-01,  7.082744e-01
  241,  1.679666e-01,  3.791384e-01,  8.644762e-01
  242,  2.411364e-01,  4.570608e-01,  8.400700e-01
  243, -2.381350e-01,  3.702663e-01,  8.970808e-01
  244, -3.072848e-01,  3.182591e-01,  8.955596e-01
  245, -3.271367e-01,  1.051702e-02,  9.427009e-01
  246, -4.453603e-01, -1.316734e-01,  8.817188e-01
  247, -1.188193e-01,  4.275386e-01,  8.619524e-01
  248, -9.476479e-02,  4.456195e-01,  8.590741e-01
  249, -2.618101e-01, -1.610137e-02,  9.350940e-01
  250, -2.820692e-01, -1.350569e-02,  9.267526e-01
  251, -4.487324e-01, -7.800733e-02,  8.863676e-01
  252, -4.645321e-01, -7.395711e-02,  8.658702e-01
  253, -4.478345e-01, -2.134107e-01,  8.601133e-01
  254, -4.802678e-01, -1.456541e-01,  8.494868e-01
  255, -2.205214e-02,  1.253154e-01,  9.890238e-01
  256, -3.821457e-03,  1.297685e-01,  9.888635e-01
  257, -4.283821e-02,  1.074603e-01,  9.896789e-01
  258, -2.621897e-02,  9.588506e-02,  9.909748e-01
  259, -4.604648e-01, -1.368198e-01,  8.761542e-01
  260, -4.645109e-01, -1.363034e-01,  8.741654e-01
  261, -4.557361e-01, -1.361700e-01,  8.786933e-01
  262, -4.611061e-01, -1.348808e-01,  8.760725e-01
  263, -9.732001e-02,  1.046550e-01,  9.627947e-01
  264, -9.974961e-03,  1.546025e-01,  9.809071e-01
  265, -1.284066e-01,  8.546767e-02,  9.572473e-01
  266, -1.864434e-02,  1.539913e-01,  9.783479e-01
  267, -4.602598e-01, -8.524827e-02,  8.832437e-01
  268, -4.674205e-01, -8.792105e-02,  8.791733e-01
  269, -4.551098e-01, -8.630575e-02,  8.859045e-01
  270, -4.645890e-01, -8.838854e-02,  8.806298e-01
  271, -1.393632e-01,  1.353694e-02,  9.580831e-01
  272, -1.738883e-02,  1.595480e-01,  9.827650e-01
  273, -1.788354e-01, -1.356405e-02,  9.495810e-01
  274, -1.780552e-02,  1.470975e-01,  9.816296e-01
  275, -3.949285e-01, -2.221193e-01,  8.907866e-01
  276, -3.948707e-01, -2.280297e-01,  8.892661e-01
  277, -3.919133e-01, -2.218127e-01,  8.922010e-01
  278, -3.920514e-01, -2.260654e-01,  8.910244e-01
  279, -1.503196e-01, -2.367872e-02,  9.649574e-01
  280, -9.182717e-02,  4.028948e-02,  9.868270e-01
  281, -1.762244e-01, -4.698239e-02,  9.560613e-01
  282, -1.083482e-01,  2.449569e-02,  9.818454e-01
  283, -1.197146e-01, -2.139788e-01,  9.242097e-01
  284, -1.173720e-01, -2.536454e-01,  9.071438e-01
  285,  2.948773e-03, -1.634555e-02,  9.441164e-01
  286,  1.198993e-01, -9.376855e-02,  9.091370e-01
  287, -1.581654e-01, -3.158597e-02,  9.634845e-01
  288, -1.509559e-01,  3.607210e-02,  9.421173e-01
  289, -1.405531e-01,  2.282231e-01,  9.254756e-01
  290, -1.244307e-01,  2.586633e-01,  9.061853e-01
  291,  8.879135e-02,  3.718163e-01,  8.944879e-01
  292, -1.309469e-01,  7.364522e-02,  9.350550e-01
  293,  8.882077e-02,  3.676662e-01,  8.769212e-01
  294, -2.276086e-01,  1.907654e-01,  8.428149e-01
  295,  2.491870e-01,  5.644661e-01,  7.474079e-01
  296,  1.908449e-02,  3.711498e-01,  8.684425e-01
  297,  1.390912e-01,  4.025280e-01,  8.621137e-01
  298, -8.109900e-02,  2.456138e-01,  9.063830e-01
  299, -1.363594e-01,  4.313431e-01,  8.520424e-01
  300, -4.467439e-01,  2.424012e-01,  8.600763e-01
  301, -3.259403e-01, -8.035503e-03,  9.052028e-01
  302, -5.482826e-01, -1.446280e-01,  8.161823e-01
  303, -3.177714e-01,  2.591222e-02,  9.105642e-01
  304, -9.427670e-02,  1.314204e-01,  9.778958e-01
  305, -3.521932e-01, -1.559786e-02,  8.965202e-01
  306, -1.061515e-01,  1.127893e-01,  9.776248e-01
  307, -4.690164e-01, -9.720155e-02,  8.771745e-01
  308, -3.962599e-01, -1.464202e-01,  9.014271e-01
  309, -4.683585e-01, -9.431073e-02,  8.779108e-01
  310, -4.106212e-01, -1.420484e-01,  8.986480e-01
  311, -4.744267e-01, -1.333476e-01,  8.695574e-01
  312, -4.121032e-01, -1.015931e-01,  9.051489e-01
  313, -4.703422e-01, -1.331391e-01,  8.717245e-01
  314, -4.132184e-01, -9.803159e-02,  9.049434e-01
  315, -3.988952e-01, -2.397461e-01,  8.844329e-01
  316, -4.146495e-01, -2.714121e-01,  8.684155e-01
  317, -3.937360e-01, -2.360868e-01,  8.876701e-01
  318, -4.146520e-01, -2.740914e-01,  8.674165e-01
  319, -3.330776e-02,  1.588557e-01,  9.840552e-01
  320, -7.163751e-02,  9.394354e-02,  9.880816e-01
  321,  2.477932e-03,  1.520621e-01,  9.881281e-01
  322,  2.042816e-03,  1.609235e-01,  9.866920e-01
  323, -2.458661e-02,  2.013096e-01,  9.788556e-01
  324, -1.404730e-02,  1.976586e-01,  9.797598e-01
  325, -7.110413e-02,  7.252790e-02,  9.947120e-01
  326, -7.444415e-02,  6.685022e-02,  9.948189e-01
  327, -1.790270e-02, -2.145485e-01,  9.264835e-01
  328,  1.605095e-01, -7.266426e-02,  9.317507e-01
  329, -7.931041e-02,  1.562866e-01,  9.294028e-01
  330, -8.149842e-02,  3.034251e-01,  8.899007e-01
  331, -1.506495e-01,  1.275875e-01,  9.208805e-01
  332, -1.243666e-01,  1.081295e-01,  9.212688e-01
  333, -6.427589e-02,  2.776284e-01,  9.103229e-01
  334, -1.237534e-01,  1.966996e-01,  9.160262e-01
  335, -4.706422e-01,  2.047490e-01,  8.571895e-01
  336, -6.188423e-01, -3.777203e-02,  7.818558e-01
  337, -3.094417e-01,  1.885254e-01,  9.252208e-01
  338, -2.625522e-01,  1.657884e-01,  9.437318e-01
  339,  1.339082e-02,  2.533080e-01,  9.121821e-01
  340,  1.005399e-01,  2.711210e-01,  9.010213e-01
  341, -6.898574e-01,  8.652540e-03,  7.141886e-01
  342, -6.282503e-01,  7.514631e-02,  7.632297e-01
  343, -1.687913e-01,  4.002133e-01,  8.491210e-01
  344, -1.382531e-01,  4.192908e-01,  8.534323e-01
  345, -1.723479e-03,  3.427740e-01,  8.857214e-01
  346, -1.141732e-02,  3.435998e-01,  8.835756e-01
  347,  1.619575e-01,  4.348304e-01,  8.479630e-01
  348,  2.549155e-01,  4.744013e-01,  8.312572e-01
  349, -1.278823e-01, -2.462214e-02,  9.417345e-01
  350, -1.093628e-01,  9.408805e-03,  9.422704e-01
  351,  1.210119e-01,  1.826907e-01,  9.417522e-01
  352,  1.748437e-01,  2.278013e-01,  9.455648e-01
  353, -3.583657e-01, -4.199500e-01,  8.313993e-01
  354, -4.292721e-01, -5.524968e-01,  7.110167e-01
  355, -3.169133e-01, -4.403802e-01,  8.167053e-01
  356, -2.982408e-01, -3.854650e-01,  8.572166e-01
  357, -4.038933e-01, -3.513033e-01,  8.422917e-01
  358, -4.906229e-01, -2.658972e-01,  8.242081e-01
  359, -6.262752e-02,  8.131581e-02,  9.915326e-01
  360, -6.335273e-02,  3.880570e-02,  9.948305e-01
  361, -4.463303e-01, -1.344079e-01,  8.838062e-01
  362, -4.580456e-01, -1.336246e-01,  8.778583e-01
  363, -1.585181e-01,  6.631442e-02,  9.518932e-01
  364, -1.950408e-02,  1.580128e-01,  9.769462e-01
  365, -4.491117e-01, -8.972803e-02,  8.887310e-01
  366, -4.616084e-01, -8.860318e-02,  8.822265e-01
  367, -2.069145e-01, -3.350936e-02,  9.441023e-01
  368, -1.267347e-02,  1.421403e-01,  9.819274e-01
  369, -3.883770e-01, -2.193774e-01,  8.944121e-01
  370, -3.892836e-01, -2.249938e-01,  8.925566e-01
  371, -2.007217e-01, -6.961406e-02,  9.472493e-01
  372, -1.199968e-01,  1.270130e-02,  9.783549e-01
  373,  1.113062e-01,  2.343494e-01,  9.100567e-01
  374,  2.005256e-01,  1.381280e-01,  9.144270e-01
  375, -1.263637e-01,  4.238142e-01,  8.543569e-01
  376, -1.529053e-01,  3.844211e-01,  8.518695e-01
  377,  1.657427e-01,  3.990617e-01,  8.642148e-01
  378, -3.882405e-02,  2.084875e-01,  9.221570e-01
  379,  1.046184e-01,  2.105164e-01,  9.401961e-01
  380, -1.144509e-01,  1.227342e-01,  9.266566e-01
  381, -3.455788e-01, -3.854768e-01,  8.279186e-01
  382, -5.838490e-01, -4.909327e-01,  6.437986e-01
  383, -4.026179e-01, -7.929755e-02,  8.737907e-01
  384, -1.113098e-01,  8.577280e-02,  9.837878e-01
  385, -4.681722e-01, -9.315881e-02,  8.781844e-01
  386, -4.164700e-01, -1.378377e-01,  8.976893e-01
  387, -4.735661e-01, -1.296994e-01,  8.705618e-01
  388, -4.156790e-01, -9.483399e-02,  9.041674e-01
  389, -3.910406e-01, -2.340279e-01,  8.894247e-01
  390, -4.177614e-01, -2.731518e-01,  8.661696e-01
  391, -1.209225e-01,  1.601154e-02,  9.905259e-01
  392, -6.908657e-04,  1.671338e-01,  9.856959e-01
  393, -5.062998e-03,  1.976800e-01,  9.799300e-01
  394, -7.968044e-02,  6.340800e-02,  9.946494e-01
  395,  3.013853e-01,  8.450518e-02,  8.996985e-01
  396, -1.248862e-01,  3.814121e-01,  8.566552e-01
  397, -4.506605e-02,  1.156772e-01,  9.447488e-01
  398, -1.499072e-01,  1.596198e-01,  9.227178e-01
  399, -6.367844e-01, -3.641493e-01,  6.773714e-01
  400, -4.785348e-01, -8.610044e-02,  8.733447e-01
  401, -3.228661e-01, -2.697411e-02,  9.457808e-01
  402, -4.575188e-01, -2.618398e-01,  8.490598e-01
  403, -3.627126e-01, -1.926901e-01,  9.114175e-01
  404, -1.640466e-01, -2.126401e-01,  9.393291e-01
  405, -3.707063e-01, -3.291119e-01,  8.681902e-01
  406, -4.125387e-01,  5.271579e-02,  9.089669e-01
  407, -2.650159e-01,  1.110200e-01,  9.575127e-01
  408, -3.850653e-01, -4.279926e-02,  9.210643e-01
  409, -2.752803e-01,  1.238624e-03,  9.609833e-01
  410, -5.902041e-02,  3.304516e-02,  9.692559e-01
  411, -2.636362e-01, -1.031800e-01,  9.587052e-01
  412, -3.277146e-01,  1.953875e-01,  9.240512e-01
  413, -1.952016e-01,  2.481090e-01,  9.486746e-01
  414, -2.697703e-01,  1.868024e-01,  9.442830e-01
  415, -1.579443e-01,  2.134314e-01,  9.637993e-01
  416,  1.262583e-01,  3.490558e-01,  8.991929e-01
  417, -1.068133e-01,  1.751336e-01,  9.784134e-01
  418, -5.667268e-02, -1.595332e-01,  9.836546e-01
  419, -3.553032e-01, -3.562752e-01,  8.639857e-01
  420, -7.773285e-02, -1.904070e-01,  9.629273e-01
  421, -2.461163e-01, -2.863269e-01,  9.033605e-01
  422,  5.736401e-02,  6.241548e-02,  9.836503e-01
  423, -2.251452e-01, -1.226424e-01,  9.621557e-01
  424, -5.008274e-04,  1.194342e-02,  9.719591e-01
  425, -1.142231e-01, -1.549721e-02,  9.715058e-01
  426,  2.145688e-01,  3.687248e-01,  8.885727e-01
  427, -6.391470e-02,  1.659689e-01,  9.790965e-01
  428,  1.490681e-01,  2.967031e-01,  9.135683e-01
  429,  9.724981e-02,  2.049082e-01,  9.435003e-01
  430, -7.673311e-01, -2.572317e-01,  5.836922e-01
  431, -7.293967e-01, -2.217326e-01,  6.463762e-01
  432, -6.682096e-01, -2.822237e-01,  6.622208e-01
  433, -6.471139e-01, -3.062016e-01,  6.964659e-01
  434, -3.503456e-01, -1.374643e-01,  8.757328e-01
  435, -2.968482e-01, -1.839185e-01,  9.033426e-01
  436, -7.399772e-01, -1.256162e-01,  6.553409e-01
  437, -6.902192e-01, -8.526622e-02,  7.174113e-01
  438, -6.151829e-01, -6.891495e-02,  7.488333e-01
  439, -6.260488e-01, -8.296490e-02,  7.735404e-01
  440, -2.986442e-01,  1.354840e-01,  8.943545e-01
  441, -2.666320e-01,  1.034593e-01,  9.200330e-01
  442, -6.932572e-01,  1.160673e-02,  7.177545e-01
  443, -6.207014e-01,  6.731607e-02,  7.804329e-01
  444, -5.374266e-01,  1.457524e-01,  7.884702e-01
  445, -5.555486e-01,  1.296429e-01,  8.204626e-01
  446, -2.176059e-01,  3.820108e-01,  8.615420e-01
  447, -1.466222e-01,  4.016293e-01,  8.743828e-01
  448, -2.726198e-01, -8.163405e-02,  9.220785e-01
  449, -1.887682e-01, -1.105907e-01,  9.640151e-01
  450, -2.208286e-01, -1.774382e-02,  9.480432e-01
  451, -1.892289e-01, -9.499394e-02,  9.616897e-01
  452, -2.091173e-01,  2.063931e-01,  9.210802e-01
  453, -1.836745e-01,  1.469710e-01,  9.477130e-01
  454, -1.574137e-01,  2.673052e-01,  9.261003e-01
  455, -2.083220e-01,  1.417225e-01,  9.391148e-01
  456, -1.529533e-01,  4.271536e-01,  8.681388e-01
  457, -1.451313e-01,  3.949646e-01,  8.800579e-01
  458, -1.169982e-01,  4.515634e-01,  8.690174e-01
  459, -1.848235e-01,  3.617778e-01,  8.837772e-01
  460, -2.071159e-01, -2.584653e-02,  9.777977e-01
  461,  3.125334e-01,  2.553059e-01,  9.145596e-01
  462, -3.006197e-01, -5.406256e-03,  9.534384e-01
  463,  2.463561e-01,  3.996396e-01,  8.822812e-01
  464, -8.438525e-02,  1.975219e-01,  9.466101e-01
  465,  1.772809e-01,  5.205963e-01,  8.343927e-01
  466, -2.081031e-01,  1.314496e-01,  9.691284e-01
  467,  2.707971e-01,  3.414962e-01,  8.999153e-01
  468, -2.488940e-01,  1.388575e-01,  9.584398e-01
  469,  2.431306e-01,  4.136664e-01,  8.771472e-01
  470, -1.246435e-02,  3.074166e-01,  9.186794e-01
  471,  1.946450e-01,  4.786843e-01,  8.560078e-01
  472, -2.076993e-01,  2.820022e-01,  9.364887e-01
  473,  2.218488e-01,  4.258238e-01,  8.770623e-01
  474, -2.103380e-01,  2.771726e-01,  9.373821e-01
  475,  2.138520e-01,  4.401263e-01,  8.720353e-01
  476,  9.503342e-02,  4.286851e-01,  8.652889e-01
  477,  2.062318e-01,  4.423558e-01,  8.727564e-01
  478,  4.220319e-02,  2.903660e-01,  9.554841e-01
  479,  1.596578e-01,  5.204426e-01,  8.382021e-01
  480, -2.719893e-02,  2.166503e-01,  9.523908e-01
  481,  1.520652e-01,  4.679651e-01,  8.698418e-01
  482,  1.385206e-01,  3.894886e-01,  9.072378e-01
  483,  1.802043e-01,  4.771211e-01,  8.600625e-01
  484,  4.024286e-02,  2.694250e-01,  9.347001e-01
  485,  1.686695e-01,  4.522336e-01,  8.756267e-01
  486,  2.316069e-01,  4.867038e-01,  8.378545e-01
  487,  2.034723e-01,  4.327280e-01,  8.781534e-01
  488,  1.005530e-01,  3.745655e-01,  8.868440e-01
  489,  1.920023e-01,  4.137356e-01,  8.897840e-01
  490, -1.339654e-01,  1.066420e-02,  9.901936e-01
  491,  2.951325e-01,  3.326790e-01,  8.944496e-01
  492, -1.200793e-01,  2.053563e-01,  9.699039e-01
  493,  3.190953e-01,  4.758229e-01,  8.173815e-01
  494,  1.563860e-01,  5.038364e-01,  8.109634e-01
  495,  3.114964e-01,  6.017547e-01,  7.346077e-01
  496, -2.099587e-01, -4.009240e-02,  9.766937e-01
  497,  1.947856e-01,  2.027239e-01,  9.594392e-01
  498, -1.853307e-01,  9.336432e-02,  9.777358e-01
  499,  2.302487e-01,  3.053618e-01,  9.232685e-01
  500,  7.900047e-02,  3.441859e-01,  8.984017e-01
  501,  2.477718e-01,  3.767095e-01,  8.918915e-01
  502, -2.864476e-01, -7.809973e-02,  9.548313e-01
  503,  9.569701e-02,  9.068825e-02,  9.911737e-01
  504, -2.677218e-01, -3.139041e-02,  9.628091e-01
  505,  1.105408e-01,  1.104171e-01,  9.874874e-01
  506,  4.327783e-02,  1.906277e-01,  9.498161e-01
  507,  1.097794e-01,  1.248007e-01,  9.858135e-01
  508,  2.785768e-01,  5.869883e-01,  7.547366e-01
  509,  2.877366e-01,  6.098551e-01,  7.339673e-01
  510,  2.685819e-01,  5.680381e-01,  7.775070e-01
  511,  1.414435e-01,  5.428238e-01,  7.876516e-01
  512,  2.408614e-01,  4.558027e-01,  8.566620e-01
  513,  2.357386e-01,  3.396496e-01,  8.991333e-01
  514,  2.123710e-01,  4.356285e-01,  8.743397e-01
  515,  7.566404e-02,  2.533164e-01,  9.211828e-01
  516,  1.632156e-01,  2.756276e-01,  9.422878e-01
  517,  9.518850e-02,  1.272224e-01,  9.850143e-01
  518,  1.625936e-01,  2.909962e-01,  9.426213e-01
  519, -1.627964e-02,  7.701703e-02,  9.688769e-01
  520, -2.867206e-01, -3.770050e-01,  8.803243e-01
  521,  6.012903e-02, -7.520817e-02,  9.930235e-01
  522, -2.007349e-01, -3.137399e-01,  9.274983e-01
  523,  1.339314e-01, -5.018756e-02,  9.876459e-01
  524, -1.639473e-01, -1.584387e-01,  9.727313e-01
  525, -1.514681e-01,  1.713322e-01,  9.635124e-01
  526, -6.235364e-02, -1.384326e-01,  9.876465e-01
  527,  2.640551e-01,  7.519846e-02,  9.539480e-01
  528, -1.639302e-02,  8.014926e-02,  9.958537e-01
  529,  4.126671e-01,  2.599748e-01,  8.699643e-01
  530,  6.999022e-02,  2.451283e-02,  9.968088e-01
  531,  5.138108e-01,  1.531732e-01,  8.433636e-01
  532, -1.013764e-01,  1.399123e-01,  9.759233e-01
  533, -3.916048e-01, -2.165002e-01,  8.926852e-01
  534,  2.578669e-02,  3.002971e-01,  9.487955e-01
  535, -3.122419e-01, -5.845448e-02,  9.472053e-01
  536, -6.415759e-02,  3.673484e-01,  9.193409e-01
  537, -3.703584e-01,  2.691509e-02,  9.244006e-01
  538,  2.694116e-02,  4.415380e-01,  8.921602e-01
  539, -3.021328e-01,  1.074547e-01,  9.461260e-01
  540, -4.146201e-02,  5.001560e-01,  8.615230e-01
  541, -3.423046e-01,  2.177803e-01,  9.112737e-01
  542,  2.371579e-02,  5.266973e-01,  8.478597e-01
  543, -2.866731e-01,  2.285829e-01,  9.299223e-01
  544, -2.542081e-01, -4.241174e-02,  9.648270e-01
  545,  1.380032e-01,  3.683616e-01,  9.188140e-01
  546, -1.547718e-01, -5.003124e-02,  9.831041e-01
  547,  1.367900e-01,  3.237963e-01,  9.360752e-01
  548,  1.105610e-01, -3.777113e-03,  9.841978e-01
  549,  1.408435e-01,  3.749188e-01,  9.161145e-01
  550, -7.981359e-02, -7.627915e-02,  9.914854e-01
  551,  1.383543e-01,  2.874531e-01,  9.476508e-01
  552, -1.469180e-01,  1.064913e-01,  9.825897e-01
  553,  1.477305e-01,  3.555603e-01,  9.226829e-01
  554, -1.373579e-01,  2.230628e-03,  9.900500e-01
  555,  1.157824e-01,  2.798076e-01,  9.528516e-01
  556,  1.880236e-01,  4.626640e-01,  8.656221e-01
  557, -3.139344e-01,  2.889761e-01,  9.027071e-01
  558,  8.694370e-02,  3.237951e-01,  9.411983e-01
  559, -3.959429e-01,  1.502943e-01,  9.044476e-01
  560,  1.340568e-01,  3.695909e-01,  9.191962e-01
  561, -3.721032e-01,  8.019468e-02,  9.238612e-01
  562,  4.619366e-02,  2.964237e-01,  9.538553e-01
  563, -4.535309e-01,  7.678700e-03,  8.910168e-01
  564,  9.915807e-02,  2.808064e-01,  9.544725e-01
  565, -4.175621e-01, -9.354607e-02,  9.034895e-01
  566,  2.570005e-02,  2.845815e-01,  9.582079e-01
  567, -4.779054e-01, -6.745244e-02,  8.756786e-01
