87
1 22 
25 810 
2 23 
26 811 
3 24 
27 821 
31 822 
4 31 
32 832 
5 32 
33 833 
6 33 
34 1161 
35 1162 
36 1163 
37 1164 
38 1165 
39 1178 
43 1179 
44 1192 
45 1193 
46 1194 
47 1195 
48 1196 
7 148 
49 1596 
8 149 
50 1597 
9 150 
51 1607 
55 1608 
10 157 
56 1618 
11 158 
57 1619 
12 159 
58 1947 
59 1948 
60 1949 
61 1950 
62 1951 
63 1964 
67 1965 
68 1978 
69 1979 
70 1980 
71 1981 
72 1982 
13 274 
73 2382 
14 275 
74 2383 
15 276 
75 2393 
79 2394 
16 283 
80 2404 
17 284 
81 2405 
18 285 
82 2733 
83 2734 
84 2735 
85 2736 
86 2737 
87 2750 
91 2751 
92 2764 
93 2765 
94 2766 
95 2767 
96 2768 
19 400 
97 3168 
20 401 
98 3169 
21 402 
99 3179 
100 3180 
101 3181 
102 3182 
103 3183 
22 409 
104 3193 
23 410 
105 3194 
24 411 
