514
1 757 2 765 766 767 10 782 11 1087 1088 1089 1104 1105 1106 1121 1122 1123 127 1543 128 1551 1552 1553 136 1568 137 
2 758 3 767 768 769 11 783 12 1089 1090 1091 1106 1107 1108 1123 1124 1125 128 1544 129 1553 1554 1555 137 1569 138 
3 759 4 769 770 771 12 784 13 1091 1092 1093 1108 1109 1110 1125 1126 1127 129 1545 130 1555 1556 1557 138 1570 139 
4 760 5 771 772 773 13 785 14 1093 1094 1095 1110 1111 1112 1127 1128 1129 130 1546 131 1557 1558 1559 139 1571 140 
5 761 6 773 774 775 14 786 15 1095 1096 1097 1112 1113 1114 1129 1130 1131 131 1547 132 1559 1560 1561 140 1572 141 
6 762 7 775 776 777 15 787 16 1097 1098 1099 1114 1115 1116 1131 1132 1133 132 1548 133 1561 1562 1563 141 1573 142 
7 763 8 777 778 779 16 788 17 1099 1100 1101 1116 1117 1118 1133 1134 1135 133 1549 134 1563 1564 1565 142 1574 143 
8 764 9 779 780 781 17 789 18 1101 1102 1103 1118 1119 1120 1135 1136 1137 134 1550 135 1565 1566 1567 143 1575 144 
10 782 11 790 791 792 19 807 20 1121 1122 1123 1138 1139 1140 1155 1156 1157 136 1568 137 1576 1577 1578 145 1593 146 
11 783 12 792 793 794 20 808 21 1123 1124 1125 1140 1141 1142 1157 1158 1159 137 1569 138 1578 1579 1580 146 1594 147 
12 784 13 794 795 796 21 809 22 1125 1126 1127 1142 1143 1144 1159 1160 1161 138 1570 139 1580 1581 1582 147 1595 148 
13 785 14 796 797 798 22 810 23 1127 1128 1129 1144 1145 1146 1161 1162 1163 139 1571 140 1582 1583 1584 148 1596 149 
14 786 15 798 799 800 23 811 24 1129 1130 1131 1146 1147 1148 1163 1164 1165 140 1572 141 1584 1585 1586 149 1597 150 
15 787 16 800 801 802 24 812 25 1131 1132 1133 1148 1149 1150 1165 1166 1167 141 1573 142 1586 1587 1588 150 1598 151 
16 788 17 802 803 804 25 813 26 1133 1134 1135 1150 1151 1152 1167 1168 1169 142 1574 143 1588 1589 1590 151 1599 152 
17 789 18 804 805 806 26 814 27 1135 1136 1137 1152 1153 1154 1169 1170 1171 143 1575 144 1590 1591 1592 152 1600 153 
19 807 20 815 816 817 28 829 29 1155 1156 1157 1172 1173 1174 1186 1187 1188 145 1593 146 1601 1602 1603 154 1615 155 
20 808 21 817 818 819 29 830 30 1157 1158 1159 1174 1175 1176 1188 1189 1190 146 1594 147 1603 1604 1605 155 1616 156 
21 809 22 819 820 821 30 831 31 1159 1160 1161 1176 1177 1178 1190 1191 1192 147 1595 148 1605 1606 1607 156 1617 157 
24 812 25 822 823 824 33 834 34 1165 1166 1167 1179 1180 1181 1196 1197 1198 150 1598 151 1608 1609 1610 159 1620 160 
25 813 26 824 825 826 34 835 35 1167 1168 1169 1181 1182 1183 1198 1199 1200 151 1599 152 1610 1611 1612 160 1621 161 
26 814 27 826 827 828 35 836 36 1169 1170 1171 1183 1184 1185 1200 1201 1202 152 1600 153 1612 1613 1614 161 1622 162 
28 829 29 837 838 839 37 854 38 1186 1187 1188 1203 1204 1205 1220 1221 1222 154 1615 155 1623 1624 1625 163 1640 164 
29 830 30 839 840 841 38 855 39 1188 1189 1190 1205 1206 1207 1222 1223 1224 155 1616 156 1625 1626 1627 164 1641 165 
30 831 31 841 842 843 39 856 40 1190 1191 1192 1207 1208 1209 1224 1225 1226 156 1617 157 1627 1628 1629 165 1642 166 
31 832 32 843 844 845 40 857 41 1192 1193 1194 1209 1210 1211 1226 1227 1228 157 1618 158 1629 1630 1631 166 1643 167 
32 833 33 845 846 847 41 858 42 1194 1195 1196 1211 1212 1213 1228 1229 1230 158 1619 159 1631 1632 1633 167 1644 168 
33 834 34 847 848 849 42 859 43 1196 1197 1198 1213 1214 1215 1230 1231 1232 159 1620 160 1633 1634 1635 168 1645 169 
34 835 35 849 850 851 43 860 44 1198 1199 1200 1215 1216 1217 1232 1233 1234 160 1621 161 1635 1636 1637 169 1646 170 
35 836 36 851 852 853 44 861 45 1200 1201 1202 1217 1218 1219 1234 1235 1236 161 1622 162 1637 1638 1639 170 1647 171 
37 854 38 862 863 864 46 879 47 1220 1221 1222 1237 1238 1239 1254 1255 1256 163 1640 164 1648 1649 1650 172 1665 173 
38 855 39 864 865 866 47 880 48 1222 1223 1224 1239 1240 1241 1256 1257 1258 164 1641 165 1650 1651 1652 173 1666 174 
39 856 40 866 867 868 48 881 49 1224 1225 1226 1241 1242 1243 1258 1259 1260 165 1642 166 1652 1653 1654 174 1667 175 
40 857 41 868 869 870 49 882 50 1226 1227 1228 1243 1244 1245 1260 1261 1262 166 1643 167 1654 1655 1656 175 1668 176 
41 858 42 870 871 872 50 883 51 1228 1229 1230 1245 1246 1247 1262 1263 1264 167 1644 168 1656 1657 1658 176 1669 177 
42 859 43 872 873 874 51 884 52 1230 1231 1232 1247 1248 1249 1264 1265 1266 168 1645 169 1658 1659 1660 177 1670 178 
43 860 44 874 875 876 52 885 53 1232 1233 1234 1249 1250 1251 1266 1267 1268 169 1646 170 1660 1661 1662 178 1671 179 
44 861 45 876 877 878 53 886 54 1234 1235 1236 1251 1252 1253 1268 1269 1270 170 1647 171 1662 1663 1664 179 1672 180 
46 879 47 887 888 889 55 904 56 1254 1255 1256 1271 1272 1273 1288 1289 1290 172 1665 173 1673 1674 1675 181 1690 182 
47 880 48 889 890 891 56 905 57 1256 1257 1258 1273 1274 1275 1290 1291 1292 173 1666 174 1675 1676 1677 182 1691 183 
48 881 49 891 892 893 57 906 58 1258 1259 1260 1275 1276 1277 1292 1293 1294 174 1667 175 1677 1678 1679 183 1692 184 
49 882 50 893 894 895 58 907 59 1260 1261 1262 1277 1278 1279 1294 1295 1296 175 1668 176 1679 1680 1681 184 1693 185 
50 883 51 895 896 897 59 908 60 1262 1263 1264 1279 1280 1281 1296 1297 1298 176 1669 177 1681 1682 1683 185 1694 186 
51 884 52 897 898 899 60 909 61 1264 1265 1266 1281 1282 1283 1298 1299 1300 177 1670 178 1683 1684 1685 186 1695 187 
52 885 53 899 900 901 61 910 62 1266 1267 1268 1283 1284 1285 1300 1301 1302 178 1671 179 1685 1686 1687 187 1696 188 
53 886 54 901 902 903 62 911 63 1268 1269 1270 1285 1286 1287 1302 1303 1304 179 1672 180 1687 1688 1689 188 1697 189 
55 904 56 912 913 914 64 929 65 1288 1289 1290 1305 1306 1307 1322 1323 1324 181 1690 182 1698 1699 1700 190 1715 191 
56 905 57 914 915 916 65 930 66 1290 1291 1292 1307 1308 1309 1324 1325 1326 182 1691 183 1700 1701 1702 191 1716 192 
57 906 58 916 917 918 66 931 67 1292 1293 1294 1309 1310 1311 1326 1327 1328 183 1692 184 1702 1703 1704 192 1717 193 
58 907 59 918 919 920 67 932 68 1294 1295 1296 1311 1312 1313 1328 1329 1330 184 1693 185 1704 1705 1706 193 1718 194 
59 908 60 920 921 922 68 933 69 1296 1297 1298 1313 1314 1315 1330 1331 1332 185 1694 186 1706 1707 1708 194 1719 195 
60 909 61 922 923 924 69 934 70 1298 1299 1300 1315 1316 1317 1332 1333 1334 186 1695 187 1708 1709 1710 195 1720 196 
61 910 62 924 925 926 70 935 71 1300 1301 1302 1317 1318 1319 1334 1335 1336 187 1696 188 1710 1711 1712 196 1721 197 
62 911 63 926 927 928 71 936 72 1302 1303 1304 1319 1320 1321 1336 1337 1338 188 1697 189 1712 1713 1714 197 1722 198 
64 929 65 937 938 939 73 954 74 1322 1323 1324 1339 1340 1341 1356 1357 1358 190 1715 191 1723 1724 1725 199 1740 200 
65 930 66 939 940 941 74 955 75 1324 1325 1326 1341 1342 1343 1358 1359 1360 191 1716 192 1725 1726 1727 200 1741 201 
66 931 67 941 942 943 75 956 76 1326 1327 1328 1343 1344 1345 1360 1361 1362 192 1717 193 1727 1728 1729 201 1742 202 
67 932 68 943 944 945 76 957 77 1328 1329 1330 1345 1346 1347 1362 1363 1364 193 1718 194 1729 1730 1731 202 1743 203 
68 933 69 945 946 947 77 958 78 1330 1331 1332 1347 1348 1349 1364 1365 1366 194 1719 195 1731 1732 1733 203 1744 204 
69 934 70 947 948 949 78 959 79 1332 1333 1334 1349 1350 1351 1366 1367 1368 195 1720 196 1733 1734 1735 204 1745 205 
70 935 71 949 950 951 79 960 80 1334 1335 1336 1351 1352 1353 1368 1369 1370 196 1721 197 1735 1736 1737 205 1746 206 
71 936 72 951 952 953 80 961 81 1336 1337 1338 1353 1354 1355 1370 1371 1372 197 1722 198 1737 1738 1739 206 1747 207 
73 954 74 962 963 964 82 979 83 1356 1357 1358 1373 1374 1375 1390 1391 1392 199 1740 200 1748 1749 1750 208 1765 209 
74 955 75 964 965 966 83 980 84 1358 1359 1360 1375 1376 1377 1392 1393 1394 200 1741 201 1750 1751 1752 209 1766 210 
75 956 76 966 967 968 84 981 85 1360 1361 1362 1377 1378 1379 1394 1395 1396 201 1742 202 1752 1753 1754 210 1767 211 
76 957 77 968 969 970 85 982 86 1362 1363 1364 1379 1380 1381 1396 1397 1398 202 1743 203 1754 1755 1756 211 1768 212 
77 958 78 970 971 972 86 983 87 1364 1365 1366 1381 1382 1383 1398 1399 1400 203 1744 204 1756 1757 1758 212 1769 213 
78 959 79 972 973 974 87 984 88 1366 1367 1368 1383 1384 1385 1400 1401 1402 204 1745 205 1758 1759 1760 213 1770 214 
79 960 80 974 975 976 88 985 89 1368 1369 1370 1385 1386 1387 1402 1403 1404 205 1746 206 1760 1761 1762 214 1771 215 
80 961 81 976 977 978 89 986 90 1370 1371 1372 1387 1388 1389 1404 1405 1406 206 1747 207 1762 1763 1764 215 1772 216 
82 979 83 987 988 989 91 1004 92 1390 1391 1392 1407 1408 1409 1424 1425 1426 208 1765 209 1773 1774 1775 217 1790 218 
83 980 84 989 990 991 92 1005 93 1392 1393 1394 1409 1410 1411 1426 1427 1428 209 1766 210 1775 1776 1777 218 1791 219 
84 981 85 991 992 993 93 1006 94 1394 1395 1396 1411 1412 1413 1428 1429 1430 210 1767 211 1777 1778 1779 219 1792 220 
85 982 86 993 994 995 94 1007 95 1396 1397 1398 1413 1414 1415 1430 1431 1432 211 1768 212 1779 1780 1781 220 1793 221 
86 983 87 995 996 997 95 1008 96 1398 1399 1400 1415 1416 1417 1432 1433 1434 212 1769 213 1781 1782 1783 221 1794 222 
87 984 88 997 998 999 96 1009 97 1400 1401 1402 1417 1418 1419 1434 1435 1436 213 1770 214 1783 1784 1785 222 1795 223 
88 985 89 999 1000 1001 97 1010 98 1402 1403 1404 1419 1420 1421 1436 1437 1438 214 1771 215 1785 1786 1787 223 1796 224 
89 986 90 1001 1002 1003 98 1011 99 1404 1405 1406 1421 1422 1423 1438 1439 1440 215 1772 216 1787 1788 1789 224 1797 225 
91 1004 92 1012 1013 1014 100 1029 101 1424 1425 1426 1441 1442 1443 1458 1459 1460 217 1790 218 1798 1799 1800 226 1815 227 
92 1005 93 1014 1015 1016 101 1030 102 1426 1427 1428 1443 1444 1445 1460 1461 1462 218 1791 219 1800 1801 1802 227 1816 228 
93 1006 94 1016 1017 1018 102 1031 103 1428 1429 1430 1445 1446 1447 1462 1463 1464 219 1792 220 1802 1803 1804 228 1817 229 
94 1007 95 1018 1019 1020 103 1032 104 1430 1431 1432 1447 1448 1449 1464 1465 1466 220 1793 221 1804 1805 1806 229 1818 230 
95 1008 96 1020 1021 1022 104 1033 105 1432 1433 1434 1449 1450 1451 1466 1467 1468 221 1794 222 1806 1807 1808 230 1819 231 
96 1009 97 1022 1023 1024 105 1034 106 1434 1435 1436 1451 1452 1453 1468 1469 1470 222 1795 223 1808 1809 1810 231 1820 232 
97 1010 98 1024 1025 1026 106 1035 107 1436 1437 1438 1453 1454 1455 1470 1471 1472 223 1796 224 1810 1811 1812 232 1821 233 
98 1011 99 1026 1027 1028 107 1036 108 1438 1439 1440 1455 1456 1457 1472 1473 1474 224 1797 225 1812 1813 1814 233 1822 234 
100 1029 101 1037 1038 1039 109 1054 110 1458 1459 1460 1475 1476 1477 1492 1493 1494 226 1815 227 1823 1824 1825 235 1840 236 
101 1030 102 1039 1040 1041 110 1055 111 1460 1461 1462 1477 1478 1479 1494 1495 1496 227 1816 228 1825 1826 1827 236 1841 237 
102 1031 103 1041 1042 1043 111 1056 112 1462 1463 1464 1479 1480 1481 1496 1497 1498 228 1817 229 1827 1828 1829 237 1842 238 
103 1032 104 1043 1044 1045 112 1057 113 1464 1465 1466 1481 1482 1483 1498 1499 1500 229 1818 230 1829 1830 1831 238 1843 239 
104 1033 105 1045 1046 1047 113 1058 114 1466 1467 1468 1483 1484 1485 1500 1501 1502 230 1819 231 1831 1832 1833 239 1844 240 
105 1034 106 1047 1048 1049 114 1059 115 1468 1469 1470 1485 1486 1487 1502 1503 1504 231 1820 232 1833 1834 1835 240 1845 241 
106 1035 107 1049 1050 1051 115 1060 116 1470 1471 1472 1487 1488 1489 1504 1505 1506 232 1821 233 1835 1836 1837 241 1846 242 
107 1036 108 1051 1052 1053 116 1061 117 1472 1473 1474 1489 1490 1491 1506 1507 1508 233 1822 234 1837 1838 1839 242 1847 243 
109 1054 110 1062 1063 1064 118 1079 119 1492 1493 1494 1509 1510 1511 1526 1527 1528 235 1840 236 1848 1849 1850 244 1865 245 
110 1055 111 1064 1065 1066 119 1080 120 1494 1495 1496 1511 1512 1513 1528 1529 1530 236 1841 237 1850 1851 1852 245 1866 246 
111 1056 112 1066 1067 1068 120 1081 121 1496 1497 1498 1513 1514 1515 1530 1531 1532 237 1842 238 1852 1853 1854 246 1867 247 
112 1057 113 1068 1069 1070 121 1082 122 1498 1499 1500 1515 1516 1517 1532 1533 1534 238 1843 239 1854 1855 1856 247 1868 248 
113 1058 114 1070 1071 1072 122 1083 123 1500 1501 1502 1517 1518 1519 1534 1535 1536 239 1844 240 1856 1857 1858 248 1869 249 
114 1059 115 1072 1073 1074 123 1084 124 1502 1503 1504 1519 1520 1521 1536 1537 1538 240 1845 241 1858 1859 1860 249 1870 250 
115 1060 116 1074 1075 1076 124 1085 125 1504 1505 1506 1521 1522 1523 1538 1539 1540 241 1846 242 1860 1861 1862 250 1871 251 
116 1061 117 1076 1077 1078 125 1086 126 1506 1507 1508 1523 1524 1525 1540 1541 1542 242 1847 243 1862 1863 1864 251 1872 252 
127 1543 128 1551 1552 1553 136 1568 137 1873 1874 1875 1890 1891 1892 1907 1908 1909 253 2329 254 2337 2338 2339 262 2354 263 
128 1544 129 1553 1554 1555 137 1569 138 1875 1876 1877 1892 1893 1894 1909 1910 1911 254 2330 255 2339 2340 2341 263 2355 264 
129 1545 130 1555 1556 1557 138 1570 139 1877 1878 1879 1894 1895 1896 1911 1912 1913 255 2331 256 2341 2342 2343 264 2356 265 
130 1546 131 1557 1558 1559 139 1571 140 1879 1880 1881 1896 1897 1898 1913 1914 1915 256 2332 257 2343 2344 2345 265 2357 266 
131 1547 132 1559 1560 1561 140 1572 141 1881 1882 1883 1898 1899 1900 1915 1916 1917 257 2333 258 2345 2346 2347 266 2358 267 
132 1548 133 1561 1562 1563 141 1573 142 1883 1884 1885 1900 1901 1902 1917 1918 1919 258 2334 259 2347 2348 2349 267 2359 268 
133 1549 134 1563 1564 1565 142 1574 143 1885 1886 1887 1902 1903 1904 1919 1920 1921 259 2335 260 2349 2350 2351 268 2360 269 
134 1550 135 1565 1566 1567 143 1575 144 1887 1888 1889 1904 1905 1906 1921 1922 1923 260 2336 261 2351 2352 2353 269 2361 270 
136 1568 137 1576 1577 1578 145 1593 146 1907 1908 1909 1924 1925 1926 1941 1942 1943 262 2354 263 2362 2363 2364 271 2379 272 
137 1569 138 1578 1579 1580 146 1594 147 1909 1910 1911 1926 1927 1928 1943 1944 1945 263 2355 264 2364 2365 2366 272 2380 273 
138 1570 139 1580 1581 1582 147 1595 148 1911 1912 1913 1928 1929 1930 1945 1946 1947 264 2356 265 2366 2367 2368 273 2381 274 
139 1571 140 1582 1583 1584 148 1596 149 1913 1914 1915 1930 1931 1932 1947 1948 1949 265 2357 266 2368 2369 2370 274 2382 275 
140 1572 141 1584 1585 1586 149 1597 150 1915 1916 1917 1932 1933 1934 1949 1950 1951 266 2358 267 2370 2371 2372 275 2383 276 
141 1573 142 1586 1587 1588 150 1598 151 1917 1918 1919 1934 1935 1936 1951 1952 1953 267 2359 268 2372 2373 2374 276 2384 277 
142 1574 143 1588 1589 1590 151 1599 152 1919 1920 1921 1936 1937 1938 1953 1954 1955 268 2360 269 2374 2375 2376 277 2385 278 
143 1575 144 1590 1591 1592 152 1600 153 1921 1922 1923 1938 1939 1940 1955 1956 1957 269 2361 270 2376 2377 2378 278 2386 279 
145 1593 146 1601 1602 1603 154 1615 155 1941 1942 1943 1958 1959 1960 1972 1973 1974 271 2379 272 2387 2388 2389 280 2401 281 
146 1594 147 1603 1604 1605 155 1616 156 1943 1944 1945 1960 1961 1962 1974 1975 1976 272 2380 273 2389 2390 2391 281 2402 282 
147 1595 148 1605 1606 1607 156 1617 157 1945 1946 1947 1962 1963 1964 1976 1977 1978 273 2381 274 2391 2392 2393 282 2403 283 
150 1598 151 1608 1609 1610 159 1620 160 1951 1952 1953 1965 1966 1967 1982 1983 1984 276 2384 277 2394 2395 2396 285 2406 286 
151 1599 152 1610 1611 1612 160 1621 161 1953 1954 1955 1967 1968 1969 1984 1985 1986 277 2385 278 2396 2397 2398 286 2407 287 
152 1600 153 1612 1613 1614 161 1622 162 1955 1956 1957 1969 1970 1971 1986 1987 1988 278 2386 279 2398 2399 2400 287 2408 288 
154 1615 155 1623 1624 1625 163 1640 164 1972 1973 1974 1989 1990 1991 2006 2007 2008 280 2401 281 2409 2410 2411 289 2426 290 
155 1616 156 1625 1626 1627 164 1641 165 1974 1975 1976 1991 1992 1993 2008 2009 2010 281 2402 282 2411 2412 2413 290 2427 291 
156 1617 157 1627 1628 1629 165 1642 166 1976 1977 1978 1993 1994 1995 2010 2011 2012 282 2403 283 2413 2414 2415 291 2428 292 
157 1618 158 1629 1630 1631 166 1643 167 1978 1979 1980 1995 1996 1997 2012 2013 2014 283 2404 284 2415 2416 2417 292 2429 293 
158 1619 159 1631 1632 1633 167 1644 168 1980 1981 1982 1997 1998 1999 2014 2015 2016 284 2405 285 2417 2418 2419 293 2430 294 
159 1620 160 1633 1634 1635 168 1645 169 1982 1983 1984 1999 2000 2001 2016 2017 2018 285 2406 286 2419 2420 2421 294 2431 295 
160 1621 161 1635 1636 1637 169 1646 170 1984 1985 1986 2001 2002 2003 2018 2019 2020 286 2407 287 2421 2422 2423 295 2432 296 
161 1622 162 1637 1638 1639 170 1647 171 1986 1987 1988 2003 2004 2005 2020 2021 2022 287 2408 288 2423 2424 2425 296 2433 297 
163 1640 164 1648 1649 1650 172 1665 173 2006 2007 2008 2023 2024 2025 2040 2041 2042 289 2426 290 2434 2435 2436 298 2451 299 
164 1641 165 1650 1651 1652 173 1666 174 2008 2009 2010 2025 2026 2027 2042 2043 2044 290 2427 291 2436 2437 2438 299 2452 300 
165 1642 166 1652 1653 1654 174 1667 175 2010 2011 2012 2027 2028 2029 2044 2045 2046 291 2428 292 2438 2439 2440 300 2453 301 
166 1643 167 1654 1655 1656 175 1668 176 2012 2013 2014 2029 2030 2031 2046 2047 2048 292 2429 293 2440 2441 2442 301 2454 302 
167 1644 168 1656 1657 1658 176 1669 177 2014 2015 2016 2031 2032 2033 2048 2049 2050 293 2430 294 2442 2443 2444 302 2455 303 
168 1645 169 1658 1659 1660 177 1670 178 2016 2017 2018 2033 2034 2035 2050 2051 2052 294 2431 295 2444 2445 2446 303 2456 304 
169 1646 170 1660 1661 1662 178 1671 179 2018 2019 2020 2035 2036 2037 2052 2053 2054 295 2432 296 2446 2447 2448 304 2457 305 
170 1647 171 1662 1663 1664 179 1672 180 2020 2021 2022 2037 2038 2039 2054 2055 2056 296 2433 297 2448 2449 2450 305 2458 306 
172 1665 173 1673 1674 1675 181 1690 182 2040 2041 2042 2057 2058 2059 2074 2075 2076 298 2451 299 2459 2460 2461 307 2476 308 
173 1666 174 1675 1676 1677 182 1691 183 2042 2043 2044 2059 2060 2061 2076 2077 2078 299 2452 300 2461 2462 2463 308 2477 309 
174 1667 175 1677 1678 1679 183 1692 184 2044 2045 2046 2061 2062 2063 2078 2079 2080 300 2453 301 2463 2464 2465 309 2478 310 
175 1668 176 1679 1680 1681 184 1693 185 2046 2047 2048 2063 2064 2065 2080 2081 2082 301 2454 302 2465 2466 2467 310 2479 311 
176 1669 177 1681 1682 1683 185 1694 186 2048 2049 2050 2065 2066 2067 2082 2083 2084 302 2455 303 2467 2468 2469 311 2480 312 
177 1670 178 1683 1684 1685 186 1695 187 2050 2051 2052 2067 2068 2069 2084 2085 2086 303 2456 304 2469 2470 2471 312 2481 313 
178 1671 179 1685 1686 1687 187 1696 188 2052 2053 2054 2069 2070 2071 2086 2087 2088 304 2457 305 2471 2472 2473 313 2482 314 
179 1672 180 1687 1688 1689 188 1697 189 2054 2055 2056 2071 2072 2073 2088 2089 2090 305 2458 306 2473 2474 2475 314 2483 315 
181 1690 182 1698 1699 1700 190 1715 191 2074 2075 2076 2091 2092 2093 2108 2109 2110 307 2476 308 2484 2485 2486 316 2501 317 
182 1691 183 1700 1701 1702 191 1716 192 2076 2077 2078 2093 2094 2095 2110 2111 2112 308 2477 309 2486 2487 2488 317 2502 318 
183 1692 184 1702 1703 1704 192 1717 193 2078 2079 2080 2095 2096 2097 2112 2113 2114 309 2478 310 2488 2489 2490 318 2503 319 
184 1693 185 1704 1705 1706 193 1718 194 2080 2081 2082 2097 2098 2099 2114 2115 2116 310 2479 311 2490 2491 2492 319 2504 320 
185 1694 186 1706 1707 1708 194 1719 195 2082 2083 2084 2099 2100 2101 2116 2117 2118 311 2480 312 2492 2493 2494 320 2505 321 
186 1695 187 1708 1709 1710 195 1720 196 2084 2085 2086 2101 2102 2103 2118 2119 2120 312 2481 313 2494 2495 2496 321 2506 322 
187 1696 188 1710 1711 1712 196 1721 197 2086 2087 2088 2103 2104 2105 2120 2121 2122 313 2482 314 2496 2497 2498 322 2507 323 
188 1697 189 1712 1713 1714 197 1722 198 2088 2089 2090 2105 2106 2107 2122 2123 2124 314 2483 315 2498 2499 2500 323 2508 324 
190 1715 191 1723 1724 1725 199 1740 200 2108 2109 2110 2125 2126 2127 2142 2143 2144 316 2501 317 2509 2510 2511 325 2526 326 
191 1716 192 1725 1726 1727 200 1741 201 2110 2111 2112 2127 2128 2129 2144 2145 2146 317 2502 318 2511 2512 2513 326 2527 327 
192 1717 193 1727 1728 1729 201 1742 202 2112 2113 2114 2129 2130 2131 2146 2147 2148 318 2503 319 2513 2514 2515 327 2528 328 
193 1718 194 1729 1730 1731 202 1743 203 2114 2115 2116 2131 2132 2133 2148 2149 2150 319 2504 320 2515 2516 2517 328 2529 329 
194 1719 195 1731 1732 1733 203 1744 204 2116 2117 2118 2133 2134 2135 2150 2151 2152 320 2505 321 2517 2518 2519 329 2530 330 
195 1720 196 1733 1734 1735 204 1745 205 2118 2119 2120 2135 2136 2137 2152 2153 2154 321 2506 322 2519 2520 2521 330 2531 331 
196 1721 197 1735 1736 1737 205 1746 206 2120 2121 2122 2137 2138 2139 2154 2155 2156 322 2507 323 2521 2522 2523 331 2532 332 
197 1722 198 1737 1738 1739 206 1747 207 2122 2123 2124 2139 2140 2141 2156 2157 2158 323 2508 324 2523 2524 2525 332 2533 333 
199 1740 200 1748 1749 1750 208 1765 209 2142 2143 2144 2159 2160 2161 2176 2177 2178 325 2526 326 2534 2535 2536 334 2551 335 
200 1741 201 1750 1751 1752 209 1766 210 2144 2145 2146 2161 2162 2163 2178 2179 2180 326 2527 327 2536 2537 2538 335 2552 336 
201 1742 202 1752 1753 1754 210 1767 211 2146 2147 2148 2163 2164 2165 2180 2181 2182 327 2528 328 2538 2539 2540 336 2553 337 
202 1743 203 1754 1755 1756 211 1768 212 2148 2149 2150 2165 2166 2167 2182 2183 2184 328 2529 329 2540 2541 2542 337 2554 338 
203 1744 204 1756 1757 1758 212 1769 213 2150 2151 2152 2167 2168 2169 2184 2185 2186 329 2530 330 2542 2543 2544 338 2555 339 
204 1745 205 1758 1759 1760 213 1770 214 2152 2153 2154 2169 2170 2171 2186 2187 2188 330 2531 331 2544 2545 2546 339 2556 340 
205 1746 206 1760 1761 1762 214 1771 215 2154 2155 2156 2171 2172 2173 2188 2189 2190 331 2532 332 2546 2547 2548 340 2557 341 
206 1747 207 1762 1763 1764 215 1772 216 2156 2157 2158 2173 2174 2175 2190 2191 2192 332 2533 333 2548 2549 2550 341 2558 342 
208 1765 209 1773 1774 1775 217 1790 218 2176 2177 2178 2193 2194 2195 2210 2211 2212 334 2551 335 2559 2560 2561 343 2576 344 
209 1766 210 1775 1776 1777 218 1791 219 2178 2179 2180 2195 2196 2197 2212 2213 2214 335 2552 336 2561 2562 2563 344 2577 345 
210 1767 211 1777 1778 1779 219 1792 220 2180 2181 2182 2197 2198 2199 2214 2215 2216 336 2553 337 2563 2564 2565 345 2578 346 
211 1768 212 1779 1780 1781 220 1793 221 2182 2183 2184 2199 2200 2201 2216 2217 2218 337 2554 338 2565 2566 2567 346 2579 347 
212 1769 213 1781 1782 1783 221 1794 222 2184 2185 2186 2201 2202 2203 2218 2219 2220 338 2555 339 2567 2568 2569 347 2580 348 
213 1770 214 1783 1784 1785 222 1795 223 2186 2187 2188 2203 2204 2205 2220 2221 2222 339 2556 340 2569 2570 2571 348 2581 349 
214 1771 215 1785 1786 1787 223 1796 224 2188 2189 2190 2205 2206 2207 2222 2223 2224 340 2557 341 2571 2572 2573 349 2582 350 
215 1772 216 1787 1788 1789 224 1797 225 2190 2191 2192 2207 2208 2209 2224 2225 2226 341 2558 342 2573 2574 2575 350 2583 351 
217 1790 218 1798 1799 1800 226 1815 227 2210 2211 2212 2227 2228 2229 2244 2245 2246 343 2576 344 2584 2585 2586 352 2601 353 
218 1791 219 1800 1801 1802 227 1816 228 2212 2213 2214 2229 2230 2231 2246 2247 2248 344 2577 345 2586 2587 2588 353 2602 354 
219 1792 220 1802 1803 1804 228 1817 229 2214 2215 2216 2231 2232 2233 2248 2249 2250 345 2578 346 2588 2589 2590 354 2603 355 
220 1793 221 1804 1805 1806 229 1818 230 2216 2217 2218 2233 2234 2235 2250 2251 2252 346 2579 347 2590 2591 2592 355 2604 356 
221 1794 222 1806 1807 1808 230 1819 231 2218 2219 2220 2235 2236 2237 2252 2253 2254 347 2580 348 2592 2593 2594 356 2605 357 
222 1795 223 1808 1809 1810 231 1820 232 2220 2221 2222 2237 2238 2239 2254 2255 2256 348 2581 349 2594 2595 2596 357 2606 358 
223 1796 224 1810 1811 1812 232 1821 233 2222 2223 2224 2239 2240 2241 2256 2257 2258 349 2582 350 2596 2597 2598 358 2607 359 
224 1797 225 1812 1813 1814 233 1822 234 2224 2225 2226 2241 2242 2243 2258 2259 2260 350 2583 351 2598 2599 2600 359 2608 360 
226 1815 227 1823 1824 1825 235 1840 236 2244 2245 2246 2261 2262 2263 2278 2279 2280 352 2601 353 2609 2610 2611 361 2626 362 
227 1816 228 1825 1826 1827 236 1841 237 2246 2247 2248 2263 2264 2265 2280 2281 2282 353 2602 354 2611 2612 2613 362 2627 363 
228 1817 229 1827 1828 1829 237 1842 238 2248 2249 2250 2265 2266 2267 2282 2283 2284 354 2603 355 2613 2614 2615 363 2628 364 
229 1818 230 1829 1830 1831 238 1843 239 2250 2251 2252 2267 2268 2269 2284 2285 2286 355 2604 356 2615 2616 2617 364 2629 365 
230 1819 231 1831 1832 1833 239 1844 240 2252 2253 2254 2269 2270 2271 2286 2287 2288 356 2605 357 2617 2618 2619 365 2630 366 
231 1820 232 1833 1834 1835 240 1845 241 2254 2255 2256 2271 2272 2273 2288 2289 2290 357 2606 358 2619 2620 2621 366 2631 367 
232 1821 233 1835 1836 1837 241 1846 242 2256 2257 2258 2273 2274 2275 2290 2291 2292 358 2607 359 2621 2622 2623 367 2632 368 
233 1822 234 1837 1838 1839 242 1847 243 2258 2259 2260 2275 2276 2277 2292 2293 2294 359 2608 360 2623 2624 2625 368 2633 369 
235 1840 236 1848 1849 1850 244 1865 245 2278 2279 2280 2295 2296 2297 2312 2313 2314 361 2626 362 2634 2635 2636 370 2651 371 
236 1841 237 1850 1851 1852 245 1866 246 2280 2281 2282 2297 2298 2299 2314 2315 2316 362 2627 363 2636 2637 2638 371 2652 372 
237 1842 238 1852 1853 1854 246 1867 247 2282 2283 2284 2299 2300 2301 2316 2317 2318 363 2628 364 2638 2639 2640 372 2653 373 
238 1843 239 1854 1855 1856 247 1868 248 2284 2285 2286 2301 2302 2303 2318 2319 2320 364 2629 365 2640 2641 2642 373 2654 374 
239 1844 240 1856 1857 1858 248 1869 249 2286 2287 2288 2303 2304 2305 2320 2321 2322 365 2630 366 2642 2643 2644 374 2655 375 
240 1845 241 1858 1859 1860 249 1870 250 2288 2289 2290 2305 2306 2307 2322 2323 2324 366 2631 367 2644 2645 2646 375 2656 376 
241 1846 242 1860 1861 1862 250 1871 251 2290 2291 2292 2307 2308 2309 2324 2325 2326 367 2632 368 2646 2647 2648 376 2657 377 
242 1847 243 1862 1863 1864 251 1872 252 2292 2293 2294 2309 2310 2311 2326 2327 2328 368 2633 369 2648 2649 2650 377 2658 378 
253 2329 254 2337 2338 2339 262 2354 263 2659 2660 2661 2676 2677 2678 2693 2694 2695 379 3115 380 3123 3124 3125 388 3140 389 
254 2330 255 2339 2340 2341 263 2355 264 2661 2662 2663 2678 2679 2680 2695 2696 2697 380 3116 381 3125 3126 3127 389 3141 390 
255 2331 256 2341 2342 2343 264 2356 265 2663 2664 2665 2680 2681 2682 2697 2698 2699 381 3117 382 3127 3128 3129 390 3142 391 
256 2332 257 2343 2344 2345 265 2357 266 2665 2666 2667 2682 2683 2684 2699 2700 2701 382 3118 383 3129 3130 3131 391 3143 392 
257 2333 258 2345 2346 2347 266 2358 267 2667 2668 2669 2684 2685 2686 2701 2702 2703 383 3119 384 3131 3132 3133 392 3144 393 
258 2334 259 2347 2348 2349 267 2359 268 2669 2670 2671 2686 2687 2688 2703 2704 2705 384 3120 385 3133 3134 3135 393 3145 394 
259 2335 260 2349 2350 2351 268 2360 269 2671 2672 2673 2688 2689 2690 2705 2706 2707 385 3121 386 3135 3136 3137 394 3146 395 
260 2336 261 2351 2352 2353 269 2361 270 2673 2674 2675 2690 2691 2692 2707 2708 2709 386 3122 387 3137 3138 3139 395 3147 396 
262 2354 263 2362 2363 2364 271 2379 272 2693 2694 2695 2710 2711 2712 2727 2728 2729 388 3140 389 3148 3149 3150 397 3165 398 
263 2355 264 2364 2365 2366 272 2380 273 2695 2696 2697 2712 2713 2714 2729 2730 2731 389 3141 390 3150 3151 3152 398 3166 399 
264 2356 265 2366 2367 2368 273 2381 274 2697 2698 2699 2714 2715 2716 2731 2732 2733 390 3142 391 3152 3153 3154 399 3167 400 
265 2357 266 2368 2369 2370 274 2382 275 2699 2700 2701 2716 2717 2718 2733 2734 2735 391 3143 392 3154 3155 3156 400 3168 401 
266 2358 267 2370 2371 2372 275 2383 276 2701 2702 2703 2718 2719 2720 2735 2736 2737 392 3144 393 3156 3157 3158 401 3169 402 
267 2359 268 2372 2373 2374 276 2384 277 2703 2704 2705 2720 2721 2722 2737 2738 2739 393 3145 394 3158 3159 3160 402 3170 403 
268 2360 269 2374 2375 2376 277 2385 278 2705 2706 2707 2722 2723 2724 2739 2740 2741 394 3146 395 3160 3161 3162 403 3171 404 
269 2361 270 2376 2377 2378 278 2386 279 2707 2708 2709 2724 2725 2726 2741 2742 2743 395 3147 396 3162 3163 3164 404 3172 405 
271 2379 272 2387 2388 2389 280 2401 281 2727 2728 2729 2744 2745 2746 2758 2759 2760 397 3165 398 3173 3174 3175 406 3190 407 
272 2380 273 2389 2390 2391 281 2402 282 2729 2730 2731 2746 2747 2748 2760 2761 2762 398 3166 399 3175 3176 3177 407 3191 408 
273 2381 274 2391 2392 2393 282 2403 283 2731 2732 2733 2748 2749 2750 2762 2763 2764 399 3167 400 3177 3178 3179 408 3192 409 
276 2384 277 2394 2395 2396 285 2406 286 2737 2738 2739 2751 2752 2753 2768 2769 2770 402 3170 403 3183 3184 3185 411 3195 412 
277 2385 278 2396 2397 2398 286 2407 287 2739 2740 2741 2753 2754 2755 2770 2771 2772 403 3171 404 3185 3186 3187 412 3196 413 
278 2386 279 2398 2399 2400 287 2408 288 2741 2742 2743 2755 2756 2757 2772 2773 2774 404 3172 405 3187 3188 3189 413 3197 414 
280 2401 281 2409 2410 2411 289 2426 290 2758 2759 2760 2775 2776 2777 2792 2793 2794 406 3190 407 3198 3199 3200 415 3215 416 
281 2402 282 2411 2412 2413 290 2427 291 2760 2761 2762 2777 2778 2779 2794 2795 2796 407 3191 408 3200 3201 3202 416 3216 417 
282 2403 283 2413 2414 2415 291 2428 292 2762 2763 2764 2779 2780 2781 2796 2797 2798 408 3192 409 3202 3203 3204 417 3217 418 
283 2404 284 2415 2416 2417 292 2429 293 2764 2765 2766 2781 2782 2783 2798 2799 2800 409 3193 410 3204 3205 3206 418 3218 419 
284 2405 285 2417 2418 2419 293 2430 294 2766 2767 2768 2783 2784 2785 2800 2801 2802 410 3194 411 3206 3207 3208 419 3219 420 
285 2406 286 2419 2420 2421 294 2431 295 2768 2769 2770 2785 2786 2787 2802 2803 2804 411 3195 412 3208 3209 3210 420 3220 421 
286 2407 287 2421 2422 2423 295 2432 296 2770 2771 2772 2787 2788 2789 2804 2805 2806 412 3196 413 3210 3211 3212 421 3221 422 
287 2408 288 2423 2424 2425 296 2433 297 2772 2773 2774 2789 2790 2791 2806 2807 2808 413 3197 414 3212 3213 3214 422 3222 423 
289 2426 290 2434 2435 2436 298 2451 299 2792 2793 2794 2809 2810 2811 2826 2827 2828 415 3215 416 3223 3224 3225 424 3240 425 
290 2427 291 2436 2437 2438 299 2452 300 2794 2795 2796 2811 2812 2813 2828 2829 2830 416 3216 417 3225 3226 3227 425 3241 426 
291 2428 292 2438 2439 2440 300 2453 301 2796 2797 2798 2813 2814 2815 2830 2831 2832 417 3217 418 3227 3228 3229 426 3242 427 
292 2429 293 2440 2441 2442 301 2454 302 2798 2799 2800 2815 2816 2817 2832 2833 2834 418 3218 419 3229 3230 3231 427 3243 428 
293 2430 294 2442 2443 2444 302 2455 303 2800 2801 2802 2817 2818 2819 2834 2835 2836 419 3219 420 3231 3232 3233 428 3244 429 
294 2431 295 2444 2445 2446 303 2456 304 2802 2803 2804 2819 2820 2821 2836 2837 2838 420 3220 421 3233 3234 3235 429 3245 430 
295 2432 296 2446 2447 2448 304 2457 305 2804 2805 2806 2821 2822 2823 2838 2839 2840 421 3221 422 3235 3236 3237 430 3246 431 
296 2433 297 2448 2449 2450 305 2458 306 2806 2807 2808 2823 2824 2825 2840 2841 2842 422 3222 423 3237 3238 3239 431 3247 432 
298 2451 299 2459 2460 2461 307 2476 308 2826 2827 2828 2843 2844 2845 2860 2861 2862 424 3240 425 3248 3249 3250 433 3265 434 
299 2452 300 2461 2462 2463 308 2477 309 2828 2829 2830 2845 2846 2847 2862 2863 2864 425 3241 426 3250 3251 3252 434 3266 435 
300 2453 301 2463 2464 2465 309 2478 310 2830 2831 2832 2847 2848 2849 2864 2865 2866 426 3242 427 3252 3253 3254 435 3267 436 
301 2454 302 2465 2466 2467 310 2479 311 2832 2833 2834 2849 2850 2851 2866 2867 2868 427 3243 428 3254 3255 3256 436 3268 437 
302 2455 303 2467 2468 2469 311 2480 312 2834 2835 2836 2851 2852 2853 2868 2869 2870 428 3244 429 3256 3257 3258 437 3269 438 
303 2456 304 2469 2470 2471 312 2481 313 2836 2837 2838 2853 2854 2855 2870 2871 2872 429 3245 430 3258 3259 3260 438 3270 439 
304 2457 305 2471 2472 2473 313 2482 314 2838 2839 2840 2855 2856 2857 2872 2873 2874 430 3246 431 3260 3261 3262 439 3271 440 
305 2458 306 2473 2474 2475 314 2483 315 2840 2841 2842 2857 2858 2859 2874 2875 2876 431 3247 432 3262 3263 3264 440 3272 441 
307 2476 308 2484 2485 2486 316 2501 317 2860 2861 2862 2877 2878 2879 2894 2895 2896 433 3265 434 3273 3274 3275 442 3290 443 
308 2477 309 2486 2487 2488 317 2502 318 2862 2863 2864 2879 2880 2881 2896 2897 2898 434 3266 435 3275 3276 3277 443 3291 444 
309 2478 310 2488 2489 2490 318 2503 319 2864 2865 2866 2881 2882 2883 2898 2899 2900 435 3267 436 3277 3278 3279 444 3292 445 
310 2479 311 2490 2491 2492 319 2504 320 2866 2867 2868 2883 2884 2885 2900 2901 2902 436 3268 437 3279 3280 3281 445 3293 446 
311 2480 312 2492 2493 2494 320 2505 321 2868 2869 2870 2885 2886 2887 2902 2903 2904 437 3269 438 3281 3282 3283 446 3294 447 
312 2481 313 2494 2495 2496 321 2506 322 2870 2871 2872 2887 2888 2889 2904 2905 2906 438 3270 439 3283 3284 3285 447 3295 448 
313 2482 314 2496 2497 2498 322 2507 323 2872 2873 2874 2889 2890 2891 2906 2907 2908 439 3271 440 3285 3286 3287 448 3296 449 
314 2483 315 2498 2499 2500 323 2508 324 2874 2875 2876 2891 2892 2893 2908 2909 2910 440 3272 441 3287 3288 3289 449 3297 450 
316 2501 317 2509 2510 2511 325 2526 326 2894 2895 2896 2911 2912 2913 2928 2929 2930 442 3290 443 3298 3299 3300 451 3315 452 
317 2502 318 2511 2512 2513 326 2527 327 2896 2897 2898 2913 2914 2915 2930 2931 2932 443 3291 444 3300 3301 3302 452 3316 453 
318 2503 319 2513 2514 2515 327 2528 328 2898 2899 2900 2915 2916 2917 2932 2933 2934 444 3292 445 3302 3303 3304 453 3317 454 
319 2504 320 2515 2516 2517 328 2529 329 2900 2901 2902 2917 2918 2919 2934 2935 2936 445 3293 446 3304 3305 3306 454 3318 455 
320 2505 321 2517 2518 2519 329 2530 330 2902 2903 2904 2919 2920 2921 2936 2937 2938 446 3294 447 3306 3307 3308 455 3319 456 
321 2506 322 2519 2520 2521 330 2531 331 2904 2905 2906 2921 2922 2923 2938 2939 2940 447 3295 448 3308 3309 3310 456 3320 457 
322 2507 323 2521 2522 2523 331 2532 332 2906 2907 2908 2923 2924 2925 2940 2941 2942 448 3296 449 3310 3311 3312 457 3321 458 
323 2508 324 2523 2524 2525 332 2533 333 2908 2909 2910 2925 2926 2927 2942 2943 2944 449 3297 450 3312 3313 3314 458 3322 459 
325 2526 326 2534 2535 2536 334 2551 335 2928 2929 2930 2945 2946 2947 2962 2963 2964 451 3315 452 3323 3324 3325 460 3340 461 
326 2527 327 2536 2537 2538 335 2552 336 2930 2931 2932 2947 2948 2949 2964 2965 2966 452 3316 453 3325 3326 3327 461 3341 462 
327 2528 328 2538 2539 2540 336 2553 337 2932 2933 2934 2949 2950 2951 2966 2967 2968 453 3317 454 3327 3328 3329 462 3342 463 
328 2529 329 2540 2541 2542 337 2554 338 2934 2935 2936 2951 2952 2953 2968 2969 2970 454 3318 455 3329 3330 3331 463 3343 464 
329 2530 330 2542 2543 2544 338 2555 339 2936 2937 2938 2953 2954 2955 2970 2971 2972 455 3319 456 3331 3332 3333 464 3344 465 
330 2531 331 2544 2545 2546 339 2556 340 2938 2939 2940 2955 2956 2957 2972 2973 2974 456 3320 457 3333 3334 3335 465 3345 466 
331 2532 332 2546 2547 2548 340 2557 341 2940 2941 2942 2957 2958 2959 2974 2975 2976 457 3321 458 3335 3336 3337 466 3346 467 
332 2533 333 2548 2549 2550 341 2558 342 2942 2943 2944 2959 2960 2961 2976 2977 2978 458 3322 459 3337 3338 3339 467 3347 468 
334 2551 335 2559 2560 2561 343 2576 344 2962 2963 2964 2979 2980 2981 2996 2997 2998 460 3340 461 3348 3349 3350 469 3365 470 
335 2552 336 2561 2562 2563 344 2577 345 2964 2965 2966 2981 2982 2983 2998 2999 3000 461 3341 462 3350 3351 3352 470 3366 471 
336 2553 337 2563 2564 2565 345 2578 346 2966 2967 2968 2983 2984 2985 3000 3001 3002 462 3342 463 3352 3353 3354 471 3367 472 
337 2554 338 2565 2566 2567 346 2579 347 2968 2969 2970 2985 2986 2987 3002 3003 3004 463 3343 464 3354 3355 3356 472 3368 473 
338 2555 339 2567 2568 2569 347 2580 348 2970 2971 2972 2987 2988 2989 3004 3005 3006 464 3344 465 3356 3357 3358 473 3369 474 
339 2556 340 2569 2570 2571 348 2581 349 2972 2973 2974 2989 2990 2991 3006 3007 3008 465 3345 466 3358 3359 3360 474 3370 475 
340 2557 341 2571 2572 2573 349 2582 350 2974 2975 2976 2991 2992 2993 3008 3009 3010 466 3346 467 3360 3361 3362 475 3371 476 
341 2558 342 2573 2574 2575 350 2583 351 2976 2977 2978 2993 2994 2995 3010 3011 3012 467 3347 468 3362 3363 3364 476 3372 477 
343 2576 344 2584 2585 2586 352 2601 353 2996 2997 2998 3013 3014 3015 3030 3031 3032 469 3365 470 3373 3374 3375 478 3390 479 
344 2577 345 2586 2587 2588 353 2602 354 2998 2999 3000 3015 3016 3017 3032 3033 3034 470 3366 471 3375 3376 3377 479 3391 480 
345 2578 346 2588 2589 2590 354 2603 355 3000 3001 3002 3017 3018 3019 3034 3035 3036 471 3367 472 3377 3378 3379 480 3392 481 
346 2579 347 2590 2591 2592 355 2604 356 3002 3003 3004 3019 3020 3021 3036 3037 3038 472 3368 473 3379 3380 3381 481 3393 482 
347 2580 348 2592 2593 2594 356 2605 357 3004 3005 3006 3021 3022 3023 3038 3039 3040 473 3369 474 3381 3382 3383 482 3394 483 
348 2581 349 2594 2595 2596 357 2606 358 3006 3007 3008 3023 3024 3025 3040 3041 3042 474 3370 475 3383 3384 3385 483 3395 484 
349 2582 350 2596 2597 2598 358 2607 359 3008 3009 3010 3025 3026 3027 3042 3043 3044 475 3371 476 3385 3386 3387 484 3396 485 
350 2583 351 2598 2599 2600 359 2608 360 3010 3011 3012 3027 3028 3029 3044 3045 3046 476 3372 477 3387 3388 3389 485 3397 486 
352 2601 353 2609 2610 2611 361 2626 362 3030 3031 3032 3047 3048 3049 3064 3065 3066 478 3390 479 3398 3399 3400 487 3415 488 
353 2602 354 2611 2612 2613 362 2627 363 3032 3033 3034 3049 3050 3051 3066 3067 3068 479 3391 480 3400 3401 3402 488 3416 489 
354 2603 355 2613 2614 2615 363 2628 364 3034 3035 3036 3051 3052 3053 3068 3069 3070 480 3392 481 3402 3403 3404 489 3417 490 
355 2604 356 2615 2616 2617 364 2629 365 3036 3037 3038 3053 3054 3055 3070 3071 3072 481 3393 482 3404 3405 3406 490 3418 491 
356 2605 357 2617 2618 2619 365 2630 366 3038 3039 3040 3055 3056 3057 3072 3073 3074 482 3394 483 3406 3407 3408 491 3419 492 
357 2606 358 2619 2620 2621 366 2631 367 3040 3041 3042 3057 3058 3059 3074 3075 3076 483 3395 484 3408 3409 3410 492 3420 493 
358 2607 359 2621 2622 2623 367 2632 368 3042 3043 3044 3059 3060 3061 3076 3077 3078 484 3396 485 3410 3411 3412 493 3421 494 
359 2608 360 2623 2624 2625 368 2633 369 3044 3045 3046 3061 3062 3063 3078 3079 3080 485 3397 486 3412 3413 3414 494 3422 495 
361 2626 362 2634 2635 2636 370 2651 371 3064 3065 3066 3081 3082 3083 3098 3099 3100 487 3415 488 3423 3424 3425 496 3440 497 
362 2627 363 2636 2637 2638 371 2652 372 3066 3067 3068 3083 3084 3085 3100 3101 3102 488 3416 489 3425 3426 3427 497 3441 498 
363 2628 364 2638 2639 2640 372 2653 373 3068 3069 3070 3085 3086 3087 3102 3103 3104 489 3417 490 3427 3428 3429 498 3442 499 
364 2629 365 2640 2641 2642 373 2654 374 3070 3071 3072 3087 3088 3089 3104 3105 3106 490 3418 491 3429 3430 3431 499 3443 500 
365 2630 366 2642 2643 2644 374 2655 375 3072 3073 3074 3089 3090 3091 3106 3107 3108 491 3419 492 3431 3432 3433 500 3444 501 
366 2631 367 2644 2645 2646 375 2656 376 3074 3075 3076 3091 3092 3093 3108 3109 3110 492 3420 493 3433 3434 3435 501 3445 502 
367 2632 368 2646 2647 2648 376 2657 377 3076 3077 3078 3093 3094 3095 3110 3111 3112 493 3421 494 3435 3436 3437 502 3446 503 
368 2633 369 2648 2649 2650 377 2658 378 3078 3079 3080 3095 3096 3097 3112 3113 3114 494 3422 495 3437 3438 3439 503 3447 504 
379 3115 380 3123 3124 3125 388 3140 389 3448 3449 3450 3465 3466 3467 3482 3483 3484 505 3907 506 3915 3916 3917 514 3932 515 
380 3116 381 3125 3126 3127 389 3141 390 3450 3451 3452 3467 3468 3469 3484 3485 3486 506 3908 507 3917 3918 3919 515 3933 516 
381 3117 382 3127 3128 3129 390 3142 391 3452 3453 3454 3469 3470 3471 3486 3487 3488 507 3909 508 3919 3920 3921 516 3934 517 
382 3118 383 3129 3130 3131 391 3143 392 3454 3455 3456 3471 3472 3473 3488 3489 3490 508 3910 509 3921 3922 3923 517 3935 518 
383 3119 384 3131 3132 3133 392 3144 393 3456 3457 3458 3473 3474 3475 3490 3491 3492 509 3911 510 3923 3924 3925 518 3936 519 
384 3120 385 3133 3134 3135 393 3145 394 3458 3459 3460 3475 3476 3477 3492 3493 3494 510 3912 511 3925 3926 3927 519 3937 520 
385 3121 386 3135 3136 3137 394 3146 395 3460 3461 3462 3477 3478 3479 3494 3495 3496 511 3913 512 3927 3928 3929 520 3938 521 
386 3122 387 3137 3138 3139 395 3147 396 3462 3463 3464 3479 3480 3481 3496 3497 3498 512 3914 513 3929 3930 3931 521 3939 522 
388 3140 389 3148 3149 3150 397 3165 398 3482 3483 3484 3499 3500 3501 3516 3517 3518 514 3932 515 3940 3941 3942 523 3957 524 
389 3141 390 3150 3151 3152 398 3166 399 3484 3485 3486 3501 3502 3503 3518 3519 3520 515 3933 516 3942 3943 3944 524 3958 525 
390 3142 391 3152 3153 3154 399 3167 400 3486 3487 3488 3503 3504 3505 3520 3521 3522 516 3934 517 3944 3945 3946 525 3959 526 
391 3143 392 3154 3155 3156 400 3168 401 3488 3489 3490 3505 3506 3507 3522 3523 3524 517 3935 518 3946 3947 3948 526 3960 527 
392 3144 393 3156 3157 3158 401 3169 402 3490 3491 3492 3507 3508 3509 3524 3525 3526 518 3936 519 3948 3949 3950 527 3961 528 
393 3145 394 3158 3159 3160 402 3170 403 3492 3493 3494 3509 3510 3511 3526 3527 3528 519 3937 520 3950 3951 3952 528 3962 529 
394 3146 395 3160 3161 3162 403 3171 404 3494 3495 3496 3511 3512 3513 3528 3529 3530 520 3938 521 3952 3953 3954 529 3963 530 
395 3147 396 3162 3163 3164 404 3172 405 3496 3497 3498 3513 3514 3515 3530 3531 3532 521 3939 522 3954 3955 3956 530 3964 531 
397 3165 398 3173 3174 3175 406 3190 407 3516 3517 3518 3533 3534 3535 3550 3551 3552 523 3957 524 3965 3966 3967 532 3982 533 
398 3166 399 3175 3176 3177 407 3191 408 3518 3519 3520 3535 3536 3537 3552 3553 3554 524 3958 525 3967 3968 3969 533 3983 534 
399 3167 400 3177 3178 3179 408 3192 409 3520 3521 3522 3537 3538 3539 3554 3555 3556 525 3959 526 3969 3970 3971 534 3984 535 
400 3168 401 3179 3180 3181 409 3193 410 3522 3523 3524 3539 3540 3541 3556 3557 3558 526 3960 527 3971 3972 3973 535 3985 536 
401 3169 402 3181 3182 3183 410 3194 411 3524 3525 3526 3541 3542 3543 3558 3559 3560 527 3961 528 3973 3974 3975 536 3986 537 
402 3170 403 3183 3184 3185 411 3195 412 3526 3527 3528 3543 3544 3545 3560 3561 3562 528 3962 529 3975 3976 3977 537 3987 538 
403 3171 404 3185 3186 3187 412 3196 413 3528 3529 3530 3545 3546 3547 3562 3563 3564 529 3963 530 3977 3978 3979 538 3988 539 
404 3172 405 3187 3188 3189 413 3197 414 3530 3531 3532 3547 3548 3549 3564 3565 3566 530 3964 531 3979 3980 3981 539 3989 540 
406 3190 407 3198 3199 3200 415 3215 416 3550 3551 3552 3567 3568 3569 3584 3585 3586 532 3982 533 3990 3991 3992 541 4007 542 
407 3191 408 3200 3201 3202 416 3216 417 3552 3553 3554 3569 3570 3571 3586 3587 3588 533 3983 534 3992 3993 3994 542 4008 543 
408 3192 409 3202 3203 3204 417 3217 418 3554 3555 3556 3571 3572 3573 3588 3589 3590 534 3984 535 3994 3995 3996 543 4009 544 
409 3193 410 3204 3205 3206 418 3218 419 3556 3557 3558 3573 3574 3575 3590 3591 3592 535 3985 536 3996 3997 3998 544 4010 545 
410 3194 411 3206 3207 3208 419 3219 420 3558 3559 3560 3575 3576 3577 3592 3593 3594 536 3986 537 3998 3999 4000 545 4011 546 
411 3195 412 3208 3209 3210 420 3220 421 3560 3561 3562 3577 3578 3579 3594 3595 3596 537 3987 538 4000 4001 4002 546 4012 547 
412 3196 413 3210 3211 3212 421 3221 422 3562 3563 3564 3579 3580 3581 3596 3597 3598 538 3988 539 4002 4003 4004 547 4013 548 
413 3197 414 3212 3213 3214 422 3222 423 3564 3565 3566 3581 3582 3583 3598 3599 3600 539 3989 540 4004 4005 4006 548 4014 549 
415 3215 416 3223 3224 3225 424 3240 425 3584 3585 3586 3601 3602 3603 3618 3619 3620 541 4007 542 4015 4016 4017 550 4032 551 
416 3216 417 3225 3226 3227 425 3241 426 3586 3587 3588 3603 3604 3605 3620 3621 3622 542 4008 543 4017 4018 4019 551 4033 552 
417 3217 418 3227 3228 3229 426 3242 427 3588 3589 3590 3605 3606 3607 3622 3623 3624 543 4009 544 4019 4020 4021 552 4034 553 
418 3218 419 3229 3230 3231 427 3243 428 3590 3591 3592 3607 3608 3609 3624 3625 3626 544 4010 545 4021 4022 4023 553 4035 554 
419 3219 420 3231 3232 3233 428 3244 429 3592 3593 3594 3609 3610 3611 3626 3627 3628 545 4011 546 4023 4024 4025 554 4036 555 
420 3220 421 3233 3234 3235 429 3245 430 3594 3595 3596 3611 3612 3613 3628 3629 3630 546 4012 547 4025 4026 4027 555 4037 556 
421 3221 422 3235 3236 3237 430 3246 431 3596 3597 3598 3613 3614 3615 3630 3631 3632 547 4013 548 4027 4028 4029 556 4038 557 
422 3222 423 3237 3238 3239 431 3247 432 3598 3599 3600 3615 3616 3617 3632 3633 3634 548 4014 549 4029 4030 4031 557 4039 558 
424 3240 425 3248 3249 3250 433 3265 434 3618 3619 3620 3635 3636 3637 3652 3653 3654 550 4032 551 4040 4041 4042 559 4057 560 
425 3241 426 3250 3251 3252 434 3266 435 3620 3621 3622 3637 3638 3639 3654 3655 3656 551 4033 552 4042 4043 4044 560 4058 561 
426 3242 427 3252 3253 3254 435 3267 436 3622 3623 3624 3639 3640 3641 3656 3657 3658 552 4034 553 4044 4045 4046 561 4059 562 
427 3243 428 3254 3255 3256 436 3268 437 3624 3625 3626 3641 3642 3643 3658 3659 3660 553 4035 554 4046 4047 4048 562 4060 563 
428 3244 429 3256 3257 3258 437 3269 438 3626 3627 3628 3643 3644 3645 3660 3661 3662 554 4036 555 4048 4049 4050 563 4061 564 
429 3245 430 3258 3259 3260 438 3270 439 3628 3629 3630 3645 3646 3647 3662 3663 3664 555 4037 556 4050 4051 4052 564 4062 565 
430 3246 431 3260 3261 3262 439 3271 440 3630 3631 3632 3647 3648 3649 3664 3665 3666 556 4038 557 4052 4053 4054 565 4063 566 
431 3247 432 3262 3263 3264 440 3272 441 3632 3633 3634 3649 3650 3651 3666 3667 3668 557 4039 558 4054 4055 4056 566 4064 567 
433 3265 434 3273 3274 3275 442 3290 443 3652 3653 3654 3669 3670 3671 3686 3687 3688 559 4057 560 4065 4066 4067 568 4082 569 
434 3266 435 3275 3276 3277 443 3291 444 3654 3655 3656 3671 3672 3673 3688 3689 3690 560 4058 561 4067 4068 4069 569 4083 570 
435 3267 436 3277 3278 3279 444 3292 445 3656 3657 3658 3673 3674 3675 3690 3691 3692 561 4059 562 4069 4070 4071 570 4084 571 
436 3268 437 3279 3280 3281 445 3293 446 3658 3659 3660 3675 3676 3677 3692 3693 3694 562 4060 563 4071 4072 4073 571 4085 572 
437 3269 438 3281 3282 3283 446 3294 447 3660 3661 3662 3677 3678 3679 3694 3695 3696 563 4061 564 4073 4074 4075 572 4086 573 
438 3270 439 3283 3284 3285 447 3295 448 3662 3663 3664 3679 3680 3681 3696 3697 3698 564 4062 565 4075 4076 4077 573 4087 574 
439 3271 440 3285 3286 3287 448 3296 449 3664 3665 3666 3681 3682 3683 3698 3699 3700 565 4063 566 4077 4078 4079 574 4088 575 
440 3272 441 3287 3288 3289 449 3297 450 3666 3667 3668 3683 3684 3685 3700 3701 3702 566 4064 567 4079 4080 4081 575 4089 576 
442 3290 443 3298 3299 3300 451 3315 452 3686 3687 3688 3703 3704 3705 3720 3721 3722 568 4082 569 4090 4091 4092 577 4107 578 
443 3291 444 3300 3301 3302 452 3316 453 3688 3689 3690 3705 3706 3707 3722 3723 3724 569 4083 570 4092 4093 4094 578 4108 579 
444 3292 445 3302 3303 3304 453 3317 454 3690 3691 3692 3707 3708 3709 3724 3725 3726 570 4084 571 4094 4095 4096 579 4109 580 
445 3293 446 3304 3305 3306 454 3318 455 3692 3693 3694 3709 3710 3711 3726 3727 3728 571 4085 572 4096 4097 4098 580 4110 581 
446 3294 447 3306 3307 3308 455 3319 456 3694 3695 3696 3711 3712 3713 3728 3729 3730 572 4086 573 4098 4099 4100 581 4111 582 
447 3295 448 3308 3309 3310 456 3320 457 3696 3697 3698 3713 3714 3715 3730 3731 3732 573 4087 574 4100 4101 4102 582 4112 583 
448 3296 449 3310 3311 3312 457 3321 458 3698 3699 3700 3715 3716 3717 3732 3733 3734 574 4088 575 4102 4103 4104 583 4113 584 
449 3297 450 3312 3313 3314 458 3322 459 3700 3701 3702 3717 3718 3719 3734 3735 3736 575 4089 576 4104 4105 4106 584 4114 585 
451 3315 452 3323 3324 3325 460 3340 461 3720 3721 3722 3737 3738 3739 3754 3755 3756 577 4107 578 4115 4116 4117 586 4132 587 
452 3316 453 3325 3326 3327 461 3341 462 3722 3723 3724 3739 3740 3741 3756 3757 3758 578 4108 579 4117 4118 4119 587 4133 588 
453 3317 454 3327 3328 3329 462 3342 463 3724 3725 3726 3741 3742 3743 3758 3759 3760 579 4109 580 4119 4120 4121 588 4134 589 
454 3318 455 3329 3330 3331 463 3343 464 3726 3727 3728 3743 3744 3745 3760 3761 3762 580 4110 581 4121 4122 4123 589 4135 590 
455 3319 456 3331 3332 3333 464 3344 465 3728 3729 3730 3745 3746 3747 3762 3763 3764 581 4111 582 4123 4124 4125 590 4136 591 
456 3320 457 3333 3334 3335 465 3345 466 3730 3731 3732 3747 3748 3749 3764 3765 3766 582 4112 583 4125 4126 4127 591 4137 592 
457 3321 458 3335 3336 3337 466 3346 467 3732 3733 3734 3749 3750 3751 3766 3767 3768 583 4113 584 4127 4128 4129 592 4138 593 
458 3322 459 3337 3338 3339 467 3347 468 3734 3735 3736 3751 3752 3753 3768 3769 3770 584 4114 585 4129 4130 4131 593 4139 594 
460 3340 461 3348 3349 3350 469 3365 470 3754 3755 3756 3771 3772 3773 3788 3789 3790 586 4132 587 4140 4141 4142 595 4157 596 
461 3341 462 3350 3351 3352 470 3366 471 3756 3757 3758 3773 3774 3775 3790 3791 3792 587 4133 588 4142 4143 4144 596 4158 597 
462 3342 463 3352 3353 3354 471 3367 472 3758 3759 3760 3775 3776 3777 3792 3793 3794 588 4134 589 4144 4145 4146 597 4159 598 
463 3343 464 3354 3355 3356 472 3368 473 3760 3761 3762 3777 3778 3779 3794 3795 3796 589 4135 590 4146 4147 4148 598 4160 599 
464 3344 465 3356 3357 3358 473 3369 474 3762 3763 3764 3779 3780 3781 3796 3797 3798 590 4136 591 4148 4149 4150 599 4161 600 
465 3345 466 3358 3359 3360 474 3370 475 3764 3765 3766 3781 3782 3783 3798 3799 3800 591 4137 592 4150 4151 4152 600 4162 601 
466 3346 467 3360 3361 3362 475 3371 476 3766 3767 3768 3783 3784 3785 3800 3801 3802 592 4138 593 4152 4153 4154 601 4163 602 
467 3347 468 3362 3363 3364 476 3372 477 3768 3769 3770 3785 3786 3787 3802 3803 3804 593 4139 594 4154 4155 4156 602 4164 603 
469 3365 470 3373 3374 3375 478 3390 479 3788 3789 3790 3805 3806 3807 3822 3823 3824 595 4157 596 4165 4166 4167 604 4182 605 
470 3366 471 3375 3376 3377 479 3391 480 3790 3791 3792 3807 3808 3809 3824 3825 3826 596 4158 597 4167 4168 4169 605 4183 606 
471 3367 472 3377 3378 3379 480 3392 481 3792 3793 3794 3809 3810 3811 3826 3827 3828 597 4159 598 4169 4170 4171 606 4184 607 
472 3368 473 3379 3380 3381 481 3393 482 3794 3795 3796 3811 3812 3813 3828 3829 3830 598 4160 599 4171 4172 4173 607 4185 608 
473 3369 474 3381 3382 3383 482 3394 483 3796 3797 3798 3813 3814 3815 3830 3831 3832 599 4161 600 4173 4174 4175 608 4186 609 
474 3370 475 3383 3384 3385 483 3395 484 3798 3799 3800 3815 3816 3817 3832 3833 3834 600 4162 601 4175 4176 4177 609 4187 610 
475 3371 476 3385 3386 3387 484 3396 485 3800 3801 3802 3817 3818 3819 3834 3835 3836 601 4163 602 4177 4178 4179 610 4188 611 
476 3372 477 3387 3388 3389 485 3397 486 3802 3803 3804 3819 3820 3821 3836 3837 3838 602 4164 603 4179 4180 4181 611 4189 612 
478 3390 479 3398 3399 3400 487 3415 488 3822 3823 3824 3839 3840 3841 3856 3857 3858 604 4182 605 4190 4191 4192 613 4207 614 
479 3391 480 3400 3401 3402 488 3416 489 3824 3825 3826 3841 3842 3843 3858 3859 3860 605 4183 606 4192 4193 4194 614 4208 615 
480 3392 481 3402 3403 3404 489 3417 490 3826 3827 3828 3843 3844 3845 3860 3861 3862 606 4184 607 4194 4195 4196 615 4209 616 
481 3393 482 3404 3405 3406 490 3418 491 3828 3829 3830 3845 3846 3847 3862 3863 3864 607 4185 608 4196 4197 4198 616 4210 617 
482 3394 483 3406 3407 3408 491 3419 492 3830 3831 3832 3847 3848 3849 3864 3865 3866 608 4186 609 4198 4199 4200 617 4211 618 
483 3395 484 3408 3409 3410 492 3420 493 3832 3833 3834 3849 3850 3851 3866 3867 3868 609 4187 610 4200 4201 4202 618 4212 619 
484 3396 485 3410 3411 3412 493 3421 494 3834 3835 3836 3851 3852 3853 3868 3869 3870 610 4188 611 4202 4203 4204 619 4213 620 
485 3397 486 3412 3413 3414 494 3422 495 3836 3837 3838 3853 3854 3855 3870 3871 3872 611 4189 612 4204 4205 4206 620 4214 621 
487 3415 488 3423 3424 3425 496 3440 497 3856 3857 3858 3873 3874 3875 3890 3891 3892 613 4207 614 4215 4216 4217 622 4232 623 
488 3416 489 3425 3426 3427 497 3441 498 3858 3859 3860 3875 3876 3877 3892 3893 3894 614 4208 615 4217 4218 4219 623 4233 624 
489 3417 490 3427 3428 3429 498 3442 499 3860 3861 3862 3877 3878 3879 3894 3895 3896 615 4209 616 4219 4220 4221 624 4234 625 
490 3418 491 3429 3430 3431 499 3443 500 3862 3863 3864 3879 3880 3881 3896 3897 3898 616 4210 617 4221 4222 4223 625 4235 626 
491 3419 492 3431 3432 3433 500 3444 501 3864 3865 3866 3881 3882 3883 3898 3899 3900 617 4211 618 4223 4224 4225 626 4236 627 
492 3420 493 3433 3434 3435 501 3445 502 3866 3867 3868 3883 3884 3885 3900 3901 3902 618 4212 619 4225 4226 4227 627 4237 628 
493 3421 494 3435 3436 3437 502 3446 503 3868 3869 3870 3885 3886 3887 3902 3903 3904 619 4213 620 4227 4228 4229 628 4238 629 
494 3422 495 3437 3438 3439 503 3447 504 3870 3871 3872 3887 3888 3889 3904 3905 3906 620 4214 621 4229 4230 4231 629 4239 630 
505 3907 506 3915 3916 3917 514 3932 515 4240 4241 4242 4257 4258 4259 4274 4275 4276 631 4699 632 4707 4708 4709 640 4724 641 
506 3908 507 3917 3918 3919 515 3933 516 4242 4243 4244 4259 4260 4261 4276 4277 4278 632 4700 633 4709 4710 4711 641 4725 642 
507 3909 508 3919 3920 3921 516 3934 517 4244 4245 4246 4261 4262 4263 4278 4279 4280 633 4701 634 4711 4712 4713 642 4726 643 
508 3910 509 3921 3922 3923 517 3935 518 4246 4247 4248 4263 4264 4265 4280 4281 4282 634 4702 635 4713 4714 4715 643 4727 644 
509 3911 510 3923 3924 3925 518 3936 519 4248 4249 4250 4265 4266 4267 4282 4283 4284 635 4703 636 4715 4716 4717 644 4728 645 
510 3912 511 3925 3926 3927 519 3937 520 4250 4251 4252 4267 4268 4269 4284 4285 4286 636 4704 637 4717 4718 4719 645 4729 646 
511 3913 512 3927 3928 3929 520 3938 521 4252 4253 4254 4269 4270 4271 4286 4287 4288 637 4705 638 4719 4720 4721 646 4730 647 
512 3914 513 3929 3930 3931 521 3939 522 4254 4255 4256 4271 4272 4273 4288 4289 4290 638 4706 639 4721 4722 4723 647 4731 648 
514 3932 515 3940 3941 3942 523 3957 524 4274 4275 4276 4291 4292 4293 4308 4309 4310 640 4724 641 4732 4733 4734 649 4749 650 
515 3933 516 3942 3943 3944 524 3958 525 4276 4277 4278 4293 4294 4295 4310 4311 4312 641 4725 642 4734 4735 4736 650 4750 651 
516 3934 517 3944 3945 3946 525 3959 526 4278 4279 4280 4295 4296 4297 4312 4313 4314 642 4726 643 4736 4737 4738 651 4751 652 
517 3935 518 3946 3947 3948 526 3960 527 4280 4281 4282 4297 4298 4299 4314 4315 4316 643 4727 644 4738 4739 4740 652 4752 653 
518 3936 519 3948 3949 3950 527 3961 528 4282 4283 4284 4299 4300 4301 4316 4317 4318 644 4728 645 4740 4741 4742 653 4753 654 
519 3937 520 3950 3951 3952 528 3962 529 4284 4285 4286 4301 4302 4303 4318 4319 4320 645 4729 646 4742 4743 4744 654 4754 655 
520 3938 521 3952 3953 3954 529 3963 530 4286 4287 4288 4303 4304 4305 4320 4321 4322 646 4730 647 4744 4745 4746 655 4755 656 
521 3939 522 3954 3955 3956 530 3964 531 4288 4289 4290 4305 4306 4307 4322 4323 4324 647 4731 648 4746 4747 4748 656 4756 657 
523 3957 524 3965 3966 3967 532 3982 533 4308 4309 4310 4325 4326 4327 4342 4343 4344 649 4749 650 4757 4758 4759 658 4774 659 
524 3958 525 3967 3968 3969 533 3983 534 4310 4311 4312 4327 4328 4329 4344 4345 4346 650 4750 651 4759 4760 4761 659 4775 660 
525 3959 526 3969 3970 3971 534 3984 535 4312 4313 4314 4329 4330 4331 4346 4347 4348 651 4751 652 4761 4762 4763 660 4776 661 
526 3960 527 3971 3972 3973 535 3985 536 4314 4315 4316 4331 4332 4333 4348 4349 4350 652 4752 653 4763 4764 4765 661 4777 662 
527 3961 528 3973 3974 3975 536 3986 537 4316 4317 4318 4333 4334 4335 4350 4351 4352 653 4753 654 4765 4766 4767 662 4778 663 
528 3962 529 3975 3976 3977 537 3987 538 4318 4319 4320 4335 4336 4337 4352 4353 4354 654 4754 655 4767 4768 4769 663 4779 664 
529 3963 530 3977 3978 3979 538 3988 539 4320 4321 4322 4337 4338 4339 4354 4355 4356 655 4755 656 4769 4770 4771 664 4780 665 
530 3964 531 3979 3980 3981 539 3989 540 4322 4323 4324 4339 4340 4341 4356 4357 4358 656 4756 657 4771 4772 4773 665 4781 666 
532 3982 533 3990 3991 3992 541 4007 542 4342 4343 4344 4359 4360 4361 4376 4377 4378 658 4774 659 4782 4783 4784 667 4799 668 
533 3983 534 3992 3993 3994 542 4008 543 4344 4345 4346 4361 4362 4363 4378 4379 4380 659 4775 660 4784 4785 4786 668 4800 669 
534 3984 535 3994 3995 3996 543 4009 544 4346 4347 4348 4363 4364 4365 4380 4381 4382 660 4776 661 4786 4787 4788 669 4801 670 
535 3985 536 3996 3997 3998 544 4010 545 4348 4349 4350 4365 4366 4367 4382 4383 4384 661 4777 662 4788 4789 4790 670 4802 671 
536 3986 537 3998 3999 4000 545 4011 546 4350 4351 4352 4367 4368 4369 4384 4385 4386 662 4778 663 4790 4791 4792 671 4803 672 
537 3987 538 4000 4001 4002 546 4012 547 4352 4353 4354 4369 4370 4371 4386 4387 4388 663 4779 664 4792 4793 4794 672 4804 673 
538 3988 539 4002 4003 4004 547 4013 548 4354 4355 4356 4371 4372 4373 4388 4389 4390 664 4780 665 4794 4795 4796 673 4805 674 
539 3989 540 4004 4005 4006 548 4014 549 4356 4357 4358 4373 4374 4375 4390 4391 4392 665 4781 666 4796 4797 4798 674 4806 675 
541 4007 542 4015 4016 4017 550 4032 551 4376 4377 4378 4393 4394 4395 4410 4411 4412 667 4799 668 4807 4808 4809 676 4824 677 
542 4008 543 4017 4018 4019 551 4033 552 4378 4379 4380 4395 4396 4397 4412 4413 4414 668 4800 669 4809 4810 4811 677 4825 678 
543 4009 544 4019 4020 4021 552 4034 553 4380 4381 4382 4397 4398 4399 4414 4415 4416 669 4801 670 4811 4812 4813 678 4826 679 
544 4010 545 4021 4022 4023 553 4035 554 4382 4383 4384 4399 4400 4401 4416 4417 4418 670 4802 671 4813 4814 4815 679 4827 680 
545 4011 546 4023 4024 4025 554 4036 555 4384 4385 4386 4401 4402 4403 4418 4419 4420 671 4803 672 4815 4816 4817 680 4828 681 
546 4012 547 4025 4026 4027 555 4037 556 4386 4387 4388 4403 4404 4405 4420 4421 4422 672 4804 673 4817 4818 4819 681 4829 682 
547 4013 548 4027 4028 4029 556 4038 557 4388 4389 4390 4405 4406 4407 4422 4423 4424 673 4805 674 4819 4820 4821 682 4830 683 
548 4014 549 4029 4030 4031 557 4039 558 4390 4391 4392 4407 4408 4409 4424 4425 4426 674 4806 675 4821 4822 4823 683 4831 684 
550 4032 551 4040 4041 4042 559 4057 560 4410 4411 4412 4427 4428 4429 4444 4445 4446 676 4824 677 4832 4833 4834 685 4849 686 
551 4033 552 4042 4043 4044 560 4058 561 4412 4413 4414 4429 4430 4431 4446 4447 4448 677 4825 678 4834 4835 4836 686 4850 687 
552 4034 553 4044 4045 4046 561 4059 562 4414 4415 4416 4431 4432 4433 4448 4449 4450 678 4826 679 4836 4837 4838 687 4851 688 
553 4035 554 4046 4047 4048 562 4060 563 4416 4417 4418 4433 4434 4435 4450 4451 4452 679 4827 680 4838 4839 4840 688 4852 689 
554 4036 555 4048 4049 4050 563 4061 564 4418 4419 4420 4435 4436 4437 4452 4453 4454 680 4828 681 4840 4841 4842 689 4853 690 
555 4037 556 4050 4051 4052 564 4062 565 4420 4421 4422 4437 4438 4439 4454 4455 4456 681 4829 682 4842 4843 4844 690 4854 691 
556 4038 557 4052 4053 4054 565 4063 566 4422 4423 4424 4439 4440 4441 4456 4457 4458 682 4830 683 4844 4845 4846 691 4855 692 
557 4039 558 4054 4055 4056 566 4064 567 4424 4425 4426 4441 4442 4443 4458 4459 4460 683 4831 684 4846 4847 4848 692 4856 693 
559 4057 560 4065 4066 4067 568 4082 569 4444 4445 4446 4461 4462 4463 4478 4479 4480 685 4849 686 4857 4858 4859 694 4874 695 
560 4058 561 4067 4068 4069 569 4083 570 4446 4447 4448 4463 4464 4465 4480 4481 4482 686 4850 687 4859 4860 4861 695 4875 696 
561 4059 562 4069 4070 4071 570 4084 571 4448 4449 4450 4465 4466 4467 4482 4483 4484 687 4851 688 4861 4862 4863 696 4876 697 
562 4060 563 4071 4072 4073 571 4085 572 4450 4451 4452 4467 4468 4469 4484 4485 4486 688 4852 689 4863 4864 4865 697 4877 698 
563 4061 564 4073 4074 4075 572 4086 573 4452 4453 4454 4469 4470 4471 4486 4487 4488 689 4853 690 4865 4866 4867 698 4878 699 
564 4062 565 4075 4076 4077 573 4087 574 4454 4455 4456 4471 4472 4473 4488 4489 4490 690 4854 691 4867 4868 4869 699 4879 700 
565 4063 566 4077 4078 4079 574 4088 575 4456 4457 4458 4473 4474 4475 4490 4491 4492 691 4855 692 4869 4870 4871 700 4880 701 
566 4064 567 4079 4080 4081 575 4089 576 4458 4459 4460 4475 4476 4477 4492 4493 4494 692 4856 693 4871 4872 4873 701 4881 702 
568 4082 569 4090 4091 4092 577 4107 578 4478 4479 4480 4495 4496 4497 4512 4513 4514 694 4874 695 4882 4883 4884 703 4899 704 
569 4083 570 4092 4093 4094 578 4108 579 4480 4481 4482 4497 4498 4499 4514 4515 4516 695 4875 696 4884 4885 4886 704 4900 705 
570 4084 571 4094 4095 4096 579 4109 580 4482 4483 4484 4499 4500 4501 4516 4517 4518 696 4876 697 4886 4887 4888 705 4901 706 
571 4085 572 4096 4097 4098 580 4110 581 4484 4485 4486 4501 4502 4503 4518 4519 4520 697 4877 698 4888 4889 4890 706 4902 707 
572 4086 573 4098 4099 4100 581 4111 582 4486 4487 4488 4503 4504 4505 4520 4521 4522 698 4878 699 4890 4891 4892 707 4903 708 
573 4087 574 4100 4101 4102 582 4112 583 4488 4489 4490 4505 4506 4507 4522 4523 4524 699 4879 700 4892 4893 4894 708 4904 709 
574 4088 575 4102 4103 4104 583 4113 584 4490 4491 4492 4507 4508 4509 4524 4525 4526 700 4880 701 4894 4895 4896 709 4905 710 
575 4089 576 4104 4105 4106 584 4114 585 4492 4493 4494 4509 4510 4511 4526 4527 4528 701 4881 702 4896 4897 4898 710 4906 711 
577 4107 578 4115 4116 4117 586 4132 587 4512 4513 4514 4529 4530 4531 4546 4547 4548 703 4899 704 4907 4908 4909 712 4924 713 
578 4108 579 4117 4118 4119 587 4133 588 4514 4515 4516 4531 4532 4533 4548 4549 4550 704 4900 705 4909 4910 4911 713 4925 714 
579 4109 580 4119 4120 4121 588 4134 589 4516 4517 4518 4533 4534 4535 4550 4551 4552 705 4901 706 4911 4912 4913 714 4926 715 
580 4110 581 4121 4122 4123 589 4135 590 4518 4519 4520 4535 4536 4537 4552 4553 4554 706 4902 707 4913 4914 4915 715 4927 716 
581 4111 582 4123 4124 4125 590 4136 591 4520 4521 4522 4537 4538 4539 4554 4555 4556 707 4903 708 4915 4916 4917 716 4928 717 
582 4112 583 4125 4126 4127 591 4137 592 4522 4523 4524 4539 4540 4541 4556 4557 4558 708 4904 709 4917 4918 4919 717 4929 718 
583 4113 584 4127 4128 4129 592 4138 593 4524 4525 4526 4541 4542 4543 4558 4559 4560 709 4905 710 4919 4920 4921 718 4930 719 
584 4114 585 4129 4130 4131 593 4139 594 4526 4527 4528 4543 4544 4545 4560 4561 4562 710 4906 711 4921 4922 4923 719 4931 720 
586 4132 587 4140 4141 4142 595 4157 596 4546 4547 4548 4563 4564 4565 4580 4581 4582 712 4924 713 4932 4933 4934 721 4949 722 
587 4133 588 4142 4143 4144 596 4158 597 4548 4549 4550 4565 4566 4567 4582 4583 4584 713 4925 714 4934 4935 4936 722 4950 723 
588 4134 589 4144 4145 4146 597 4159 598 4550 4551 4552 4567 4568 4569 4584 4585 4586 714 4926 715 4936 4937 4938 723 4951 724 
589 4135 590 4146 4147 4148 598 4160 599 4552 4553 4554 4569 4570 4571 4586 4587 4588 715 4927 716 4938 4939 4940 724 4952 725 
590 4136 591 4148 4149 4150 599 4161 600 4554 4555 4556 4571 4572 4573 4588 4589 4590 716 4928 717 4940 4941 4942 725 4953 726 
591 4137 592 4150 4151 4152 600 4162 601 4556 4557 4558 4573 4574 4575 4590 4591 4592 717 4929 718 4942 4943 4944 726 4954 727 
592 4138 593 4152 4153 4154 601 4163 602 4558 4559 4560 4575 4576 4577 4592 4593 4594 718 4930 719 4944 4945 4946 727 4955 728 
593 4139 594 4154 4155 4156 602 4164 603 4560 4561 4562 4577 4578 4579 4594 4595 4596 719 4931 720 4946 4947 4948 728 4956 729 
595 4157 596 4165 4166 4167 604 4182 605 4580 4581 4582 4597 4598 4599 4614 4615 4616 721 4949 722 4957 4958 4959 730 4974 731 
596 4158 597 4167 4168 4169 605 4183 606 4582 4583 4584 4599 4600 4601 4616 4617 4618 722 4950 723 4959 4960 4961 731 4975 732 
597 4159 598 4169 4170 4171 606 4184 607 4584 4585 4586 4601 4602 4603 4618 4619 4620 723 4951 724 4961 4962 4963 732 4976 733 
598 4160 599 4171 4172 4173 607 4185 608 4586 4587 4588 4603 4604 4605 4620 4621 4622 724 4952 725 4963 4964 4965 733 4977 734 
599 4161 600 4173 4174 4175 608 4186 609 4588 4589 4590 4605 4606 4607 4622 4623 4624 725 4953 726 4965 4966 4967 734 4978 735 
600 4162 601 4175 4176 4177 609 4187 610 4590 4591 4592 4607 4608 4609 4624 4625 4626 726 4954 727 4967 4968 4969 735 4979 736 
601 4163 602 4177 4178 4179 610 4188 611 4592 4593 4594 4609 4610 4611 4626 4627 4628 727 4955 728 4969 4970 4971 736 4980 737 
602 4164 603 4179 4180 4181 611 4189 612 4594 4595 4596 4611 4612 4613 4628 4629 4630 728 4956 729 4971 4972 4973 737 4981 738 
604 4182 605 4190 4191 4192 613 4207 614 4614 4615 4616 4631 4632 4633 4648 4649 4650 730 4974 731 4982 4983 4984 739 4999 740 
605 4183 606 4192 4193 4194 614 4208 615 4616 4617 4618 4633 4634 4635 4650 4651 4652 731 4975 732 4984 4985 4986 740 5000 741 
606 4184 607 4194 4195 4196 615 4209 616 4618 4619 4620 4635 4636 4637 4652 4653 4654 732 4976 733 4986 4987 4988 741 5001 742 
607 4185 608 4196 4197 4198 616 4210 617 4620 4621 4622 4637 4638 4639 4654 4655 4656 733 4977 734 4988 4989 4990 742 5002 743 
608 4186 609 4198 4199 4200 617 4211 618 4622 4623 4624 4639 4640 4641 4656 4657 4658 734 4978 735 4990 4991 4992 743 5003 744 
609 4187 610 4200 4201 4202 618 4212 619 4624 4625 4626 4641 4642 4643 4658 4659 4660 735 4979 736 4992 4993 4994 744 5004 745 
610 4188 611 4202 4203 4204 619 4213 620 4626 4627 4628 4643 4644 4645 4660 4661 4662 736 4980 737 4994 4995 4996 745 5005 746 
611 4189 612 4204 4205 4206 620 4214 621 4628 4629 4630 4645 4646 4647 4662 4663 4664 737 4981 738 4996 4997 4998 746 5006 747 
613 4207 614 4215 4216 4217 622 4232 623 4648 4649 4650 4665 4666 4667 4682 4683 4684 739 4999 740 5007 5008 5009 748 5024 749 
614 4208 615 4217 4218 4219 623 4233 624 4650 4651 4652 4667 4668 4669 4684 4685 4686 740 5000 741 5009 5010 5011 749 5025 750 
615 4209 616 4219 4220 4221 624 4234 625 4652 4653 4654 4669 4670 4671 4686 4687 4688 741 5001 742 5011 5012 5013 750 5026 751 
616 4210 617 4221 4222 4223 625 4235 626 4654 4655 4656 4671 4672 4673 4688 4689 4690 742 5002 743 5013 5014 5015 751 5027 752 
617 4211 618 4223 4224 4225 626 4236 627 4656 4657 4658 4673 4674 4675 4690 4691 4692 743 5003 744 5015 5016 5017 752 5028 753 
618 4212 619 4225 4226 4227 627 4237 628 4658 4659 4660 4675 4676 4677 4692 4693 4694 744 5004 745 5017 5018 5019 753 5029 754 
619 4213 620 4227 4228 4229 628 4238 629 4660 4661 4662 4677 4678 4679 4694 4695 4696 745 5005 746 5019 5020 5021 754 5030 755 
620 4214 621 4229 4230 4231 629 4239 630 4662 4663 4664 4679 4680 4681 4696 4697 4698 746 5006 747 5021 5022 5023 755 5031 756 
