180
1 1 
2 1 
3 1 
13 1 
14 1 
15 1 
25 1 
26 1 
27 1 
3 2 
4 2 
5 2 
15 2 
16 2 
17 2 
27 2 
28 2 
29 2 
1 3 
6 3 
8 3 
13 3 
18 3 
20 3 
25 3 
30 3 
32 3 
5 4 
7 4 
12 4 
17 4 
19 4 
24 4 
29 4 
31 4 
36 4 
8 5 
9 5 
10 5 
20 5 
21 5 
22 5 
32 5 
33 5 
34 5 
10 6 
11 6 
12 6 
22 6 
23 6 
24 6 
34 6 
35 6 
36 6 
25 7 
26 7 
27 7 
37 7 
38 7 
39 7 
49 7 
50 7 
51 7 
27 8 
28 8 
29 8 
39 8 
40 8 
41 8 
51 8 
52 8 
53 8 
25 9 
30 9 
32 9 
37 9 
42 9 
44 9 
49 9 
54 9 
56 9 
29 10 
31 10 
36 10 
41 10 
43 10 
48 10 
53 10 
55 10 
60 10 
32 11 
33 11 
34 11 
44 11 
45 11 
46 11 
56 11 
57 11 
58 11 
34 12 
35 12 
36 12 
46 12 
47 12 
48 12 
58 12 
59 12 
60 12 
49 13 
50 13 
51 13 
61 13 
62 13 
63 13 
73 13 
74 13 
75 13 
51 14 
52 14 
53 14 
63 14 
64 14 
65 14 
75 14 
76 14 
77 14 
49 15 
54 15 
56 15 
61 15 
66 15 
68 15 
73 15 
78 15 
83 15 
53 16 
55 16 
60 16 
65 16 
67 16 
72 16 
77 16 
82 16 
87 16 
56 17 
57 17 
58 17 
68 17 
69 17 
70 17 
83 17 
84 17 
85 17 
58 18 
59 18 
60 18 
70 18 
71 18 
72 18 
85 18 
86 18 
87 18 
73 19 
74 19 
75 19 
78 19 
79 19 
80 19 
83 19 
84 19 
85 19 
75 20 
76 20 
77 20 
80 20 
81 20 
82 20 
85 20 
86 20 
87 20 
