20
1 2 3 13 14 15 25 26 27 
3 4 5 15 16 17 27 28 29 
1 6 8 13 18 20 25 30 32 
5 7 12 17 19 24 29 31 36 
8 9 10 20 21 22 32 33 34 
10 11 12 22 23 24 34 35 36 
25 26 27 37 38 39 49 50 51 
27 28 29 39 40 41 51 52 53 
25 30 32 37 42 44 49 54 56 
29 31 36 41 43 48 53 55 60 
32 33 34 44 45 46 56 57 58 
34 35 36 46 47 48 58 59 60 
49 50 51 61 62 63 73 74 75 
51 52 53 63 64 65 75 76 77 
49 54 56 61 66 68 73 78 83 
53 55 60 65 67 72 77 82 87 
56 57 58 68 69 70 83 84 85 
58 59 60 70 71 72 85 86 87 
73 74 75 78 79 80 83 84 85 
75 76 77 80 81 82 85 86 87 
