180
1 1 
25 1 
2 1 
34 1 
35 1 
36 1 
7 1 
49 1 
8 1 
2 2 
26 2 
3 2 
36 2 
37 2 
38 2 
8 2 
50 2 
9 2 
1 1 
27 1 
4 1 
34 1 
39 1 
44 1 
7 1 
51 1 
10 1 
3 2 
31 2 
6 2 
38 2 
43 2 
48 2 
9 2 
55 2 
12 2 
4 1 
32 1 
5 1 
44 1 
45 1 
46 1 
10 1 
56 1 
11 1 
5 2 
33 2 
6 2 
46 2 
47 2 
48 2 
11 2 
57 2 
12 2 
7 3 
49 3 
8 3 
58 3 
59 3 
60 3 
13 3 
73 3 
14 3 
8 4 
50 4 
9 4 
60 4 
61 4 
62 4 
14 4 
74 4 
15 4 
7 3 
51 3 
10 3 
58 3 
63 3 
68 3 
13 3 
75 3 
16 3 
9 4 
55 4 
12 4 
62 4 
67 4 
72 4 
15 4 
79 4 
18 4 
10 3 
56 3 
11 3 
68 3 
69 3 
70 3 
16 3 
80 3 
17 3 
11 4 
57 4 
12 4 
70 4 
71 4 
72 4 
17 4 
81 4 
18 4 
13 5 
73 5 
14 5 
82 5 
83 5 
84 5 
19 5 
97 5 
20 5 
14 6 
74 6 
15 6 
84 6 
85 6 
86 6 
20 6 
98 6 
21 6 
13 5 
75 5 
16 5 
82 5 
87 5 
92 5 
19 5 
99 5 
22 5 
15 6 
79 6 
18 6 
86 6 
91 6 
96 6 
21 6 
103 6 
24 6 
16 5 
80 5 
17 5 
92 5 
93 5 
94 5 
22 5 
104 5 
23 5 
17 6 
81 6 
18 6 
94 6 
95 6 
96 6 
23 6 
105 6 
24 6 
19 5 
97 5 
20 5 
99 5 
100 5 
101 5 
22 5 
104 5 
23 5 
20 6 
98 6 
21 6 
101 6 
102 6 
103 6 
23 6 
105 6 
24 6 
