105
3.0000000000000000E+00
3.5000000000000000E+00
4.0000000000000000E+00
4.5000000000000000E+00
5.0000000000000000E+00
3.0000000000000000E+00
3.5000000000000000E+00
4.0000000000000000E+00
4.5000000000000000E+00
5.0000000000000000E+00
3.0000000000000000E+00
3.5000000000000000E+00
4.0000000000000000E+00
4.5000000000000000E+00
5.0000000000000000E+00
3.0000000000000000E+00
3.5000000000000000E+00
4.0000000000000000E+00
4.5000000000000000E+00
5.0000000000000000E+00
3.0000000000000000E+00
3.5000000000000000E+00
4.0000000000000000E+00
4.5000000000000000E+00
5.0000000000000000E+00
3.0000000000000000E+00
3.5000000000000000E+00
4.0000000000000000E+00
4.5000000000000000E+00
5.0000000000000000E+00
3.0000000000000000E+00
3.5000000000000000E+00
4.0000000000000000E+00
4.5000000000000000E+00
5.0000000000000000E+00
3.0000000000000000E+00
3.5000000000000000E+00
4.0000000000000000E+00
4.5000000000000000E+00
5.0000000000000000E+00
3.0000000000000000E+00
3.5000000000000000E+00
4.0000000000000000E+00
4.5000000000000000E+00
5.0000000000000000E+00
3.0000000000000000E+00
3.5000000000000000E+00
4.0000000000000000E+00
4.5000000000000000E+00
5.0000000000000000E+00
3.0000000000000000E+00
3.5000000000000000E+00
4.0000000000000000E+00
4.5000000000000000E+00
5.0000000000000000E+00
3.0000000000000000E+00
3.5000000000000000E+00
4.0000000000000000E+00
4.5000000000000000E+00
5.0000000000000000E+00
3.0000000000000000E+00
3.5000000000000000E+00
4.0000000000000000E+00
4.5000000000000000E+00
5.0000000000000000E+00
3.0000000000000000E+00
3.5000000000000000E+00
4.0000000000000000E+00
4.5000000000000000E+00
5.0000000000000000E+00
3.0000000000000000E+00
3.5000000000000000E+00
4.0000000000000000E+00
4.5000000000000000E+00
5.0000000000000000E+00
3.0000000000000000E+00
3.5000000000000000E+00
4.0000000000000000E+00
4.5000000000000000E+00
5.0000000000000000E+00
3.0000000000000000E+00
3.5000000000000000E+00
4.0000000000000000E+00
4.5000000000000000E+00
5.0000000000000000E+00
3.0000000000000000E+00
3.5000000000000000E+00
4.0000000000000000E+00
4.5000000000000000E+00
5.0000000000000000E+00
3.0000000000000000E+00
3.5000000000000000E+00
4.0000000000000000E+00
4.5000000000000000E+00
5.0000000000000000E+00
3.0000000000000000E+00
3.5000000000000000E+00
4.0000000000000000E+00
4.5000000000000000E+00
5.0000000000000000E+00
3.0000000000000000E+00
3.5000000000000000E+00
4.0000000000000000E+00
4.5000000000000000E+00
5.0000000000000000E+00
