105
2.0000000000000000E+00
2.0000000000000000E+00
2.0000000000000000E+00
2.0000000000000000E+00
2.0000000000000000E+00
2.6250000000000000E+00
2.6250000000000000E+00
2.6250000000000000E+00
2.6250000000000000E+00
2.6250000000000000E+00
3.2500000000000000E+00
3.2500000000000000E+00
3.2500000000000000E+00
3.2500000000000000E+00
3.2500000000000000E+00
2.0000000000000000E+00
2.0000000000000000E+00
2.0000000000000000E+00
2.0000000000000000E+00
2.0000000000000000E+00
2.6250000000000000E+00
2.6250000000000000E+00
2.6250000000000000E+00
2.6250000000000000E+00
2.6250000000000000E+00
3.2500000000000000E+00
3.2500000000000000E+00
3.2500000000000000E+00
3.2500000000000000E+00
3.2500000000000000E+00
2.0000000000000000E+00
2.0000000000000000E+00
2.0000000000000000E+00
2.0000000000000000E+00
2.0000000000000000E+00
2.6250000000000000E+00
2.6250000000000000E+00
2.6250000000000000E+00
2.6250000000000000E+00
2.6250000000000000E+00
3.2500000000000000E+00
3.2500000000000000E+00
3.2500000000000000E+00
3.2500000000000000E+00
3.2500000000000000E+00
2.0000000000000000E+00
2.0000000000000000E+00
2.0000000000000000E+00
2.0000000000000000E+00
2.0000000000000000E+00
2.6250000000000000E+00
2.6250000000000000E+00
2.6250000000000000E+00
2.6250000000000000E+00
2.6250000000000000E+00
3.2500000000000000E+00
3.2500000000000000E+00
3.2500000000000000E+00
3.2500000000000000E+00
3.2500000000000000E+00
2.0000000000000000E+00
2.0000000000000000E+00
2.0000000000000000E+00
2.0000000000000000E+00
2.0000000000000000E+00
2.6250000000000000E+00
2.6250000000000000E+00
2.6250000000000000E+00
2.6250000000000000E+00
2.6250000000000000E+00
3.2500000000000000E+00
3.2500000000000000E+00
3.2500000000000000E+00
3.2500000000000000E+00
3.2500000000000000E+00
2.0000000000000000E+00
2.0000000000000000E+00
2.0000000000000000E+00
2.0000000000000000E+00
2.0000000000000000E+00
2.6250000000000000E+00
2.6250000000000000E+00
2.6250000000000000E+00
2.6250000000000000E+00
2.6250000000000000E+00
3.2500000000000000E+00
3.2500000000000000E+00
3.2500000000000000E+00
3.2500000000000000E+00
3.2500000000000000E+00
2.0000000000000000E+00
2.0000000000000000E+00
2.0000000000000000E+00
2.0000000000000000E+00
2.0000000000000000E+00
2.6250000000000000E+00
2.6250000000000000E+00
2.6250000000000000E+00
2.6250000000000000E+00
2.6250000000000000E+00
3.2500000000000000E+00
3.2500000000000000E+00
3.2500000000000000E+00
3.2500000000000000E+00
3.2500000000000000E+00
