167
0.0000000000000000E+00
1.0000000000000001E-01
2.0000000000000001E-01
3.0000000000000004E-01
4.0000000000000002E-01
5.0000000000000000E-01
6.0000000000000009E-01
7.0000000000000007E-01
8.0000000000000004E-01
1.0000000000000000E+00
1.1000000000000001E+00
1.2000000000000000E+00
1.3000000000000000E+00
1.3999999999999999E+00
1.5000000000000000E+00
1.6000000000000001E+00
1.7000000000000000E+00
1.8000000000000000E+00
0.0000000000000000E+00
1.0000000000000001E-01
2.0000000000000001E-01
3.0000000000000004E-01
4.0000000000000002E-01
5.0000000000000000E-01
6.0000000000000009E-01
7.0000000000000007E-01
8.0000000000000004E-01
1.0000000000000000E+00
1.1000000000000001E+00
1.2000000000000000E+00
1.3000000000000000E+00
1.3999999999999999E+00
1.5000000000000000E+00
1.6000000000000001E+00
1.7000000000000000E+00
1.8000000000000000E+00
0.0000000000000000E+00
1.0000000000000001E-01
2.0000000000000001E-01
3.0000000000000004E-01
4.0000000000000002E-01
5.0000000000000000E-01
6.0000000000000009E-01
7.0000000000000007E-01
8.0000000000000004E-01
1.0000000000000000E+00
1.1000000000000001E+00
1.2000000000000000E+00
1.3000000000000000E+00
1.3999999999999999E+00
1.5000000000000000E+00
1.6000000000000001E+00
1.7000000000000000E+00
1.8000000000000000E+00
0.0000000000000000E+00
1.0000000000000001E-01
2.0000000000000001E-01
3.0000000000000004E-01
4.0000000000000002E-01
5.0000000000000000E-01
6.0000000000000009E-01
7.0000000000000007E-01
8.0000000000000004E-01
1.0000000000000000E+00
1.1000000000000001E+00
1.2000000000000000E+00
1.3000000000000000E+00
1.3999999999999999E+00
1.5000000000000000E+00
1.6000000000000001E+00
1.7000000000000000E+00
1.8000000000000000E+00
0.0000000000000000E+00
1.0000000000000001E-01
2.0000000000000001E-01
3.0000000000000004E-01
4.0000000000000002E-01
5.0000000000000000E-01
6.0000000000000009E-01
7.0000000000000007E-01
8.0000000000000004E-01
9.0000000000000002E-01
1.0000000000000000E+00
1.1000000000000001E+00
1.2000000000000000E+00
1.3000000000000000E+00
1.3999999999999999E+00
1.5000000000000000E+00
1.6000000000000001E+00
1.7000000000000000E+00
1.8000000000000000E+00
0.0000000000000000E+00
1.0000000000000001E-01
2.0000000000000001E-01
3.0000000000000004E-01
4.0000000000000002E-01
5.0000000000000000E-01
6.0000000000000009E-01
7.0000000000000007E-01
8.0000000000000004E-01
9.0000000000000002E-01
1.0000000000000000E+00
1.1000000000000001E+00
1.2000000000000000E+00
1.3000000000000000E+00
1.3999999999999999E+00
1.5000000000000000E+00
1.6000000000000001E+00
1.7000000000000000E+00
1.8000000000000000E+00
0.0000000000000000E+00
1.0000000000000001E-01
2.0000000000000001E-01
3.0000000000000004E-01
4.0000000000000002E-01
5.0000000000000000E-01
6.0000000000000009E-01
7.0000000000000007E-01
8.0000000000000004E-01
9.0000000000000002E-01
1.0000000000000000E+00
1.1000000000000001E+00
1.2000000000000000E+00
1.3000000000000000E+00
1.3999999999999999E+00
1.5000000000000000E+00
1.6000000000000001E+00
1.7000000000000000E+00
1.8000000000000000E+00
0.0000000000000000E+00
1.0000000000000001E-01
2.0000000000000001E-01
3.0000000000000004E-01
4.0000000000000002E-01
5.0000000000000000E-01
6.0000000000000009E-01
7.0000000000000007E-01
8.0000000000000004E-01
9.0000000000000002E-01
1.0000000000000000E+00
1.1000000000000001E+00
1.2000000000000000E+00
1.3000000000000000E+00
1.3999999999999999E+00
1.5000000000000000E+00
1.6000000000000001E+00
1.7000000000000000E+00
1.8000000000000000E+00
0.0000000000000000E+00
1.0000000000000001E-01
2.0000000000000001E-01
3.0000000000000004E-01
4.0000000000000002E-01
5.0000000000000000E-01
6.0000000000000009E-01
7.0000000000000007E-01
8.0000000000000004E-01
9.0000000000000002E-01
1.0000000000000000E+00
1.1000000000000001E+00
1.2000000000000000E+00
1.3000000000000000E+00
1.3999999999999999E+00
1.5000000000000000E+00
1.6000000000000001E+00
1.7000000000000000E+00
1.8000000000000000E+00
