180
22 12 
810 12 
23 12 
1161 12 
1162 12 
1163 12 
148 12 
1596 12 
149 12 
23 13 
811 13 
24 13 
1163 13 
1164 13 
1165 13 
149 13 
1597 13 
150 13 
22 19 
821 19 
31 19 
1161 19 
1178 19 
1192 19 
148 19 
1607 19 
157 19 
24 20 
822 20 
33 20 
1165 20 
1179 20 
1196 20 
150 20 
1608 20 
159 20 
31 26 
832 26 
32 26 
1192 26 
1193 26 
1194 26 
157 26 
1618 26 
158 26 
32 27 
833 27 
33 27 
1194 27 
1195 27 
1196 27 
158 27 
1619 27 
159 27 
148 114 
1596 114 
149 114 
1947 114 
1948 114 
1949 114 
274 114 
2382 114 
275 114 
149 115 
1597 115 
150 115 
1949 115 
1950 115 
1951 115 
275 115 
2383 115 
276 115 
148 121 
1607 121 
157 121 
1947 121 
1964 121 
1978 121 
274 121 
2393 121 
283 121 
150 122 
1608 122 
159 122 
1951 122 
1965 122 
1982 122 
276 122 
2394 122 
285 122 
157 128 
1618 128 
158 128 
1978 128 
1979 128 
1980 128 
283 128 
2404 128 
284 128 
158 129 
1619 129 
159 129 
1980 129 
1981 129 
1982 129 
284 129 
2405 129 
285 129 
274 216 
2382 216 
275 216 
2733 216 
2734 216 
2735 216 
400 216 
3168 216 
401 216 
275 217 
2383 217 
276 217 
2735 217 
2736 217 
2737 217 
401 217 
3169 217 
402 217 
274 223 
2393 223 
283 223 
2733 223 
2750 223 
2764 223 
400 223 
3179 223 
409 223 
276 224 
2394 224 
285 224 
2737 224 
2751 224 
2768 224 
402 224 
3183 224 
411 224 
283 230 
2404 230 
284 230 
2764 230 
2765 230 
2766 230 
409 230 
3193 230 
410 230 
284 231 
2405 231 
285 231 
2766 231 
2767 231 
2768 231 
410 231 
3194 231 
411 231 
400 326 
3168 326 
401 326 
3179 326 
3180 326 
3181 326 
409 326 
3193 326 
410 326 
401 327 
3169 327 
402 327 
3181 327 
3182 327 
3183 327 
410 327 
3194 327 
411 327 
