81
27 18
367 18
28 18
541 18
542 18
543 18
87 18
723 18
88 18
27 22
374 22
33 22
541 22
552 22
562 22
87 22
730 22
93 22
28 23
375 23
34 23
543 23
553 23
564 23
88 23
731 23
94 23
33 27
382 27
34 27
562 27
563 27
564 27
93 27
738 27
94 27
87 62
723 62
88 62
897 62
898 62
899 62
147 62
1079 62
148 62
87 66
730 66
93 66
897 66
908 66
918 66
147 66
1086 66
153 66
88 67
731 67
94 67
899 67
909 67
920 67
148 67
1088 67
154 67
93 71
738 71
94 71
918 71
919 71
920 71
153 71
1095 71
154 71
147 111
1079 111
148 111
1086 111
1087 111
1088 111
153 111
1095 111
154 111
