number_of_elements
64
topology
1	1 2 3 17 18 19 33 34 35 81 82 83 97 98 99 113 114 115 161 162 163 177 178 179 193 194 195
2	3 4 5 19 20 21 35 36 37 83 84 85 99 100 101 115 116 117 163 164 165 179 180 181 195 196 197
3	5 6 7 21 22 23 37 38 39 85 86 87 101 102 103 117 118 119 165 166 167 181 182 183 197 198 199
4	7 8 9 23 24 25 39 40 41 87 88 89 103 104 105 119 120 121 167 168 169 183 184 185 199 200 201
5	9 10 11 25 26 27 41 42 43 89 90 91 105 106 107 121 122 123 169 170 171 185 186 187 201 202 203
6	11 12 13 27 28 29 43 44 45 91 92 93 107 108 109 123 124 125 171 172 173 187 188 189 203 204 205
7	13 14 15 29 30 31 45 46 47 93 94 95 109 110 111 125 126 127 173 174 175 189 190 191 205 206 207
8	15 16 1 31 32 17 47 48 33 95 96 81 111 112 97 127 128 113 175 176 161 191 192 177 207 208 193
9	33 34 35 49 50 51 65 66 67 113 114 115 129 130 131 145 146 147 193 194 195 209 210 211 225 226 227
10	35 36 37 51 52 53 67 68 69 115 116 117 131 132 133 147 148 149 195 196 197 211 212 213 227 228 229
11	37 38 39 53 54 55 69 70 71 117 118 119 133 134 135 149 150 151 197 198 199 213 214 215 229 230 231
12	39 40 41 55 56 57 71 72 73 119 120 121 135 136 137 151 152 153 199 200 201 215 216 217 231 232 233
13	41 42 43 57 58 59 73 74 75 121 122 123 137 138 139 153 154 155 201 202 203 217 218 219 233 234 235
14	43 44 45 59 60 61 75 76 77 123 124 125 139 140 141 155 156 157 203 204 205 219 220 221 235 236 237
15	45 46 47 61 62 63 77 78 79 125 126 127 141 142 143 157 158 159 205 206 207 221 222 223 237 238 239
16	47 48 33 63 64 49 79 80 65 127 128 113 143 144 129 159 160 145 207 208 193 223 224 209 239 240 225
17	161 162 163 177 178 179 193 194 195 241 242 243 257 258 259 273 274 275 321 322 323 337 338 339 353 354 355
18	163 164 165 179 180 181 195 196 197 243 244 245 259 260 261 275 276 277 323 324 325 339 340 341 355 356 357
19	165 166 167 181 182 183 197 198 199 245 246 247 261 262 263 277 278 279 325 326 327 341 342 343 357 358 359
20	167 168 169 183 184 185 199 200 201 247 248 249 263 264 265 279 280 281 327 328 329 343 344 345 359 360 361
21	169 170 171 185 186 187 201 202 203 249 250 251 265 266 267 281 282 283 329 330 331 345 346 347 361 362 363
22	171 172 173 187 188 189 203 204 205 251 252 253 267 268 269 283 284 285 331 332 333 347 348 349 363 364 365
23	173 174 175 189 190 191 205 206 207 253 254 255 269 270 271 285 286 287 333 334 335 349 350 351 365 366 367
24	175 176 161 191 192 177 207 208 193 255 256 241 271 272 257 287 288 273 335 336 321 351 352 337 367 368 353
25	193 194 195 209 210 211 225 226 227 273 274 275 289 290 291 305 306 307 353 354 355 369 370 371 385 386 387
26	195 196 197 211 212 213 227 228 229 275 276 277 291 292 293 307 308 309 355 356 357 371 372 373 387 388 389
27	197 198 199 213 214 215 229 230 231 277 278 279 293 294 295 309 310 311 357 358 359 373 374 375 389 390 391
28	199 200 201 215 216 217 231 232 233 279 280 281 295 296 297 311 312 313 359 360 361 375 376 377 391 392 393
29	201 202 203 217 218 219 233 234 235 281 282 283 297 298 299 313 314 315 361 362 363 377 378 379 393 394 395
30	203 204 205 219 220 221 235 236 237 283 284 285 299 300 301 315 316 317 363 364 365 379 380 381 395 396 397
31	205 206 207 221 222 223 237 238 239 285 286 287 301 302 303 317 318 319 365 366 367 381 382 383 397 398 399
32	207 208 193 223 224 209 239 240 225 287 288 273 303 304 289 319 320 305 367 368 353 383 384 369 399 400 385
33	321 322 323 337 338 339 353 354 355 401 402 403 417 418 419 433 434 435 481 482 483 497 498 499 513 514 515
34	323 324 325 339 340 341 355 356 357 403 404 405 419 420 421 435 436 437 483 484 485 499 500 501 515 516 517
35	325 326 327 341 342 343 357 358 359 405 406 407 421 422 423 437 438 439 485 486 487 501 502 503 517 518 519
36	327 328 329 343 344 345 359 360 361 407 408 409 423 424 425 439 440 441 487 488 489 503 504 505 519 520 521
37	329 330 331 345 346 347 361 362 363 409 410 411 425 426 427 441 442 443 489 490 491 505 506 507 521 522 523
38	331 332 333 347 348 349 363 364 365 411 412 413 427 428 429 443 444 445 491 492 493 507 508 509 523 524 525
39	333 334 335 349 350 351 365 366 367 413 414 415 429 430 431 445 446 447 493 494 495 509 510 511 525 526 527
40	335 336 321 351 352 337 367 368 353 415 416 401 431 432 417 447 448 433 495 496 481 511 512 497 527 528 513
41	353 354 355 369 370 371 385 386 387 433 434 435 449 450 451 465 466 467 513 514 515 529 530 531 545 546 547
42	355 356 357 371 372 373 387 388 389 435 436 437 451 452 453 467 468 469 515 516 517 531 532 533 547 548 549
43	357 358 359 373 374 375 389 390 391 437 438 439 453 454 455 469 470 471 517 518 519 533 534 535 549 550 551
44	359 360 361 375 376 377 391 392 393 439 440 441 455 456 457 471 472 473 519 520 521 535 536 537 551 552 553
45	361 362 363 377 378 379 393 394 395 441 442 443 457 458 459 473 474 475 521 522 523 537 538 539 553 554 555
46	363 364 365 379 380 381 395 396 397 443 444 445 459 460 461 475 476 477 523 524 525 539 540 541 555 556 557
47	365 366 367 381 382 383 397 398 399 445 446 447 461 462 463 477 478 479 525 526 527 541 542 543 557 558 559
48	367 368 353 383 384 369 399 400 385 447 448 433 463 464 449 479 480 465 527 528 513 543 544 529 559 560 545
49	481 482 483 497 498 499 513 514 515 561 562 563 577 578 579 593 594 595 641 642 643 657 658 659 673 674 675
50	483 484 485 499 500 501 515 516 517 563 564 565 579 580 581 595 596 597 643 644 645 659 660 661 675 676 677
51	485 486 487 501 502 503 517 518 519 565 566 567 581 582 583 597 598 599 645 646 647 661 662 663 677 678 679
52	487 488 489 503 504 505 519 520 521 567 568 569 583 584 585 599 600 601 647 648 649 663 664 665 679 680 681
53	489 490 491 505 506 507 521 522 523 569 570 571 585 586 587 601 602 603 649 650 651 665 666 667 681 682 683
54	491 492 493 507 508 509 523 524 525 571 572 573 587 588 589 603 604 605 651 652 653 667 668 669 683 684 685
55	493 494 495 509 510 511 525 526 527 573 574 575 589 590 591 605 606 607 653 654 655 669 670 671 685 686 687
56	495 496 481 511 512 497 527 528 513 575 576 561 591 592 577 607 608 593 655 656 641 671 672 657 687 688 673
57	513 514 515 529 530 531 545 546 547 593 594 595 609 610 611 625 626 627 673 674 675 689 690 691 705 706 707
58	515 516 517 531 532 533 547 548 549 595 596 597 611 612 613 627 628 629 675 676 677 691 692 693 707 708 709
59	517 518 519 533 534 535 549 550 551 597 598 599 613 614 615 629 630 631 677 678 679 693 694 695 709 710 711
60	519 520 521 535 536 537 551 552 553 599 600 601 615 616 617 631 632 633 679 680 681 695 696 697 711 712 713
61	521 522 523 537 538 539 553 554 555 601 602 603 617 618 619 633 634 635 681 682 683 697 698 699 713 714 715
62	523 524 525 539 540 541 555 556 557 603 604 605 619 620 621 635 636 637 683 684 685 699 700 701 715 716 717
63	525 526 527 541 542 543 557 558 559 605 606 607 621 622 623 637 638 639 685 686 687 701 702 703 717 718 719
64	527 528 513 543 544 529 559 560 545 607 608 593 623 624 609 639 640 625 687 688 673 703 704 689 719 720 705
nodes
3
1	40.0 0.0 0.0
2	36.9551813004515 15.3073372946036 0.0
3	28.2842712474619 28.2842712474619 0.0
4	15.3073372946036 36.9551813004515 0.0
5	2.44929359829471e-15 40.0 0.0
6	-15.3073372946036 36.9551813004515 0.0
7	-28.2842712474619 28.2842712474619 0.0
8	-36.9551813004515 15.3073372946036 0.0
9	-40.0 4.89858719658941e-15 0.0
10	-36.9551813004515 -15.3073372946036 0.0
11	-28.2842712474619 -28.2842712474619 0.0
12	-15.3073372946036 -36.9551813004515 0.0
13	-7.34788079488412e-15 -40.0 0.0
14	15.3073372946036 -36.9551813004515 0.0
15	28.2842712474619 -28.2842712474619 0.0
16	36.9551813004515 -15.3073372946036 0.0
17	37.5 0.0 0.0
18	34.6454824691733 14.3506287136909 0.0
19	26.5165042944955 26.5165042944955 0.0
20	14.3506287136909 34.6454824691733 0.0
21	2.29621274840129e-15 37.5 0.0
22	-14.3506287136909 34.6454824691733 0.0
23	-26.5165042944955 26.5165042944955 0.0
24	-34.6454824691733 14.3506287136909 0.0
25	-37.5 4.59242549680257e-15 0.0
26	-34.6454824691733 -14.3506287136909 0.0
27	-26.5165042944955 -26.5165042944955 0.0
28	-14.3506287136909 -34.6454824691732 0.0
29	-6.88863824520386e-15 -37.5 0.0
30	14.3506287136909 -34.6454824691732 0.0
31	26.5165042944955 -26.5165042944955 0.0
32	34.6454824691732 -14.3506287136909 0.0
33	35.0 0.0 0.0
34	32.335783637895 13.3939201327781 0.0
35	24.7487373415292 24.7487373415292 0.0
36	13.3939201327781 32.335783637895 0.0
37	2.14313189850787e-15 35.0 0.0
38	-13.3939201327781 32.335783637895 0.0
39	-24.7487373415292 24.7487373415292 0.0
40	-32.335783637895 13.3939201327781 0.0
41	-35.0 4.28626379701574e-15 0.0
42	-32.335783637895 -13.3939201327781 0.0
43	-24.7487373415292 -24.7487373415292 0.0
44	-13.3939201327782 -32.335783637895 0.0
45	-6.4293956955236e-15 -35.0 0.0
46	13.3939201327782 -32.335783637895 0.0
47	24.7487373415292 -24.7487373415292 0.0
48	32.335783637895 -13.3939201327782 0.0
49	32.5 0.0 0.0
50	30.0260848066168 12.4372115518654 0.0
51	22.9809703885628 22.9809703885628 0.0
52	12.4372115518654 30.0260848066168 0.0
53	1.99005104861445e-15 32.5 0.0
54	-12.4372115518654 30.0260848066168 0.0
55	-22.9809703885628 22.9809703885628 0.0
56	-30.0260848066168 12.4372115518654 0.0
57	-32.5 3.9801020972289e-15 0.0
58	-30.0260848066168 -12.4372115518654 0.0
59	-22.9809703885628 -22.9809703885628 0.0
60	-12.4372115518654 -30.0260848066168 0.0
61	-5.97015314584335e-15 -32.5 0.0
62	12.4372115518654 -30.0260848066168 0.0
63	22.9809703885628 -22.9809703885628 0.0
64	30.0260848066168 -12.4372115518654 0.0
65	30.0 0.0 0.0
66	27.7163859753386 11.4805029709527 0.0
67	21.2132034355964 21.2132034355964 0.0
68	11.4805029709527 27.7163859753386 0.0
69	1.83697019872103e-15 30.0 0.0
70	-11.4805029709527 27.7163859753386 0.0
71	-21.2132034355964 21.2132034355964 0.0
72	-27.7163859753386 11.4805029709527 0.0
73	-30.0 3.67394039744206e-15 0.0
74	-27.7163859753386 -11.4805029709527 0.0
75	-21.2132034355964 -21.2132034355964 0.0
76	-11.4805029709527 -27.7163859753386 0.0
77	-5.51091059616309e-15 -30.0 0.0
78	11.4805029709527 -27.7163859753386 0.0
79	21.2132034355964 -21.2132034355964 0.0
80	27.7163859753386 -11.4805029709527 0.0
81	40.0 0.0 7.5
82	36.9551813004515 15.3073372946036 7.5
83	28.2842712474619 28.2842712474619 7.5
84	15.3073372946036 36.9551813004515 7.5
85	2.44929359829471e-15 40.0 7.5
86	-15.3073372946036 36.9551813004515 7.5
87	-28.2842712474619 28.2842712474619 7.5
88	-36.9551813004515 15.3073372946036 7.5
89	-40.0 4.89858719658941e-15 7.5
90	-36.9551813004515 -15.3073372946036 7.5
91	-28.2842712474619 -28.2842712474619 7.5
92	-15.3073372946036 -36.9551813004515 7.5
93	-7.34788079488412e-15 -40.0 7.5
94	15.3073372946036 -36.9551813004515 7.5
95	28.2842712474619 -28.2842712474619 7.5
96	36.9551813004515 -15.3073372946036 7.5
97	37.5 0.0 7.5
98	34.6454824691733 14.3506287136909 7.5
99	26.5165042944955 26.5165042944955 7.5
100	14.3506287136909 34.6454824691733 7.5
101	2.29621274840129e-15 37.5 7.5
102	-14.3506287136909 34.6454824691733 7.5
103	-26.5165042944955 26.5165042944955 7.5
104	-34.6454824691733 14.3506287136909 7.5
105	-37.5 4.59242549680257e-15 7.5
106	-34.6454824691733 -14.3506287136909 7.5
107	-26.5165042944955 -26.5165042944955 7.5
108	-14.3506287136909 -34.6454824691732 7.5
109	-6.88863824520386e-15 -37.5 7.5
110	14.3506287136909 -34.6454824691732 7.5
111	26.5165042944955 -26.5165042944955 7.5
112	34.6454824691732 -14.3506287136909 7.5
113	35.0 0.0 7.5
114	32.335783637895 13.3939201327781 7.5
115	24.7487373415292 24.7487373415292 7.5
116	13.3939201327781 32.335783637895 7.5
117	2.14313189850787e-15 35.0 7.5
118	-13.3939201327781 32.335783637895 7.5
119	-24.7487373415292 24.7487373415292 7.5
120	-32.335783637895 13.3939201327781 7.5
121	-35.0 4.28626379701574e-15 7.5
122	-32.335783637895 -13.3939201327781 7.5
123	-24.7487373415292 -24.7487373415292 7.5
124	-13.3939201327782 -32.335783637895 7.5
125	-6.4293956955236e-15 -35.0 7.5
126	13.3939201327782 -32.335783637895 7.5
127	24.7487373415292 -24.7487373415292 7.5
128	32.335783637895 -13.3939201327782 7.5
129	32.5 0.0 7.5
130	30.0260848066168 12.4372115518654 7.5
131	22.9809703885628 22.9809703885628 7.5
132	12.4372115518654 30.0260848066168 7.5
133	1.99005104861445e-15 32.5 7.5
134	-12.4372115518654 30.0260848066168 7.5
135	-22.9809703885628 22.9809703885628 7.5
136	-30.0260848066168 12.4372115518654 7.5
137	-32.5 3.9801020972289e-15 7.5
138	-30.0260848066168 -12.4372115518654 7.5
139	-22.9809703885628 -22.9809703885628 7.5
140	-12.4372115518654 -30.0260848066168 7.5
141	-5.97015314584335e-15 -32.5 7.5
142	12.4372115518654 -30.0260848066168 7.5
143	22.9809703885628 -22.9809703885628 7.5
144	30.0260848066168 -12.4372115518654 7.5
145	30.0 0.0 7.5
146	27.7163859753386 11.4805029709527 7.5
147	21.2132034355964 21.2132034355964 7.5
148	11.4805029709527 27.7163859753386 7.5
149	1.83697019872103e-15 30.0 7.5
150	-11.4805029709527 27.7163859753386 7.5
151	-21.2132034355964 21.2132034355964 7.5
152	-27.7163859753386 11.4805029709527 7.5
153	-30.0 3.67394039744206e-15 7.5
154	-27.7163859753386 -11.4805029709527 7.5
155	-21.2132034355964 -21.2132034355964 7.5
156	-11.4805029709527 -27.7163859753386 7.5
157	-5.51091059616309e-15 -30.0 7.5
158	11.4805029709527 -27.7163859753386 7.5
159	21.2132034355964 -21.2132034355964 7.5
160	27.7163859753386 -11.4805029709527 7.5
161	40.0 0.0 15.0
162	36.9551813004515 15.3073372946036 15.0
163	28.2842712474619 28.2842712474619 15.0
164	15.3073372946036 36.9551813004515 15.0
165	2.44929359829471e-15 40.0 15.0
166	-15.3073372946036 36.9551813004515 15.0
167	-28.2842712474619 28.2842712474619 15.0
168	-36.9551813004515 15.3073372946036 15.0
169	-40.0 4.89858719658941e-15 15.0
170	-36.9551813004515 -15.3073372946036 15.0
171	-28.2842712474619 -28.2842712474619 15.0
172	-15.3073372946036 -36.9551813004515 15.0
173	-7.34788079488412e-15 -40.0 15.0
174	15.3073372946036 -36.9551813004515 15.0
175	28.2842712474619 -28.2842712474619 15.0
176	36.9551813004515 -15.3073372946036 15.0
177	37.5 0.0 15.0
178	34.6454824691733 14.3506287136909 15.0
179	26.5165042944955 26.5165042944955 15.0
180	14.3506287136909 34.6454824691733 15.0
181	2.29621274840129e-15 37.5 15.0
182	-14.3506287136909 34.6454824691733 15.0
183	-26.5165042944955 26.5165042944955 15.0
184	-34.6454824691733 14.3506287136909 15.0
185	-37.5 4.59242549680257e-15 15.0
186	-34.6454824691733 -14.3506287136909 15.0
187	-26.5165042944955 -26.5165042944955 15.0
188	-14.3506287136909 -34.6454824691732 15.0
189	-6.88863824520386e-15 -37.5 15.0
190	14.3506287136909 -34.6454824691732 15.0
191	26.5165042944955 -26.5165042944955 15.0
192	34.6454824691732 -14.3506287136909 15.0
193	35.0 0.0 15.0
194	32.335783637895 13.3939201327781 15.0
195	24.7487373415292 24.7487373415292 15.0
196	13.3939201327781 32.335783637895 15.0
197	2.14313189850787e-15 35.0 15.0
198	-13.3939201327781 32.335783637895 15.0
199	-24.7487373415292 24.7487373415292 15.0
200	-32.335783637895 13.3939201327781 15.0
201	-35.0 4.28626379701574e-15 15.0
202	-32.335783637895 -13.3939201327781 15.0
203	-24.7487373415292 -24.7487373415292 15.0
204	-13.3939201327782 -32.335783637895 15.0
205	-6.4293956955236e-15 -35.0 15.0
206	13.3939201327782 -32.335783637895 15.0
207	24.7487373415292 -24.7487373415292 15.0
208	32.335783637895 -13.3939201327782 15.0
209	32.5 0.0 15.0
210	30.0260848066168 12.4372115518654 15.0
211	22.9809703885628 22.9809703885628 15.0
212	12.4372115518654 30.0260848066168 15.0
213	1.99005104861445e-15 32.5 15.0
214	-12.4372115518654 30.0260848066168 15.0
215	-22.9809703885628 22.9809703885628 15.0
216	-30.0260848066168 12.4372115518654 15.0
217	-32.5 3.9801020972289e-15 15.0
218	-30.0260848066168 -12.4372115518654 15.0
219	-22.9809703885628 -22.9809703885628 15.0
220	-12.4372115518654 -30.0260848066168 15.0
221	-5.97015314584335e-15 -32.5 15.0
222	12.4372115518654 -30.0260848066168 15.0
223	22.9809703885628 -22.9809703885628 15.0
224	30.0260848066168 -12.4372115518654 15.0
225	30.0 0.0 15.0
226	27.7163859753386 11.4805029709527 15.0
227	21.2132034355964 21.2132034355964 15.0
228	11.4805029709527 27.7163859753386 15.0
229	1.83697019872103e-15 30.0 15.0
230	-11.4805029709527 27.7163859753386 15.0
231	-21.2132034355964 21.2132034355964 15.0
232	-27.7163859753386 11.4805029709527 15.0
233	-30.0 3.67394039744206e-15 15.0
234	-27.7163859753386 -11.4805029709527 15.0
235	-21.2132034355964 -21.2132034355964 15.0
236	-11.4805029709527 -27.7163859753386 15.0
237	-5.51091059616309e-15 -30.0 15.0
238	11.4805029709527 -27.7163859753386 15.0
239	21.2132034355964 -21.2132034355964 15.0
240	27.7163859753386 -11.4805029709527 15.0
241	40.0 0.0 22.5
242	36.9551813004515 15.3073372946036 22.5
243	28.2842712474619 28.2842712474619 22.5
244	15.3073372946036 36.9551813004515 22.5
245	2.44929359829471e-15 40.0 22.5
246	-15.3073372946036 36.9551813004515 22.5
247	-28.2842712474619 28.2842712474619 22.5
248	-36.9551813004515 15.3073372946036 22.5
249	-40.0 4.89858719658941e-15 22.5
250	-36.9551813004515 -15.3073372946036 22.5
251	-28.2842712474619 -28.2842712474619 22.5
252	-15.3073372946036 -36.9551813004515 22.5
253	-7.34788079488412e-15 -40.0 22.5
254	15.3073372946036 -36.9551813004515 22.5
255	28.2842712474619 -28.2842712474619 22.5
256	36.9551813004515 -15.3073372946036 22.5
257	37.5 0.0 22.5
258	34.6454824691733 14.3506287136909 22.5
259	26.5165042944955 26.5165042944955 22.5
260	14.3506287136909 34.6454824691733 22.5
261	2.29621274840129e-15 37.5 22.5
262	-14.3506287136909 34.6454824691733 22.5
263	-26.5165042944955 26.5165042944955 22.5
264	-34.6454824691733 14.3506287136909 22.5
265	-37.5 4.59242549680257e-15 22.5
266	-34.6454824691733 -14.3506287136909 22.5
267	-26.5165042944955 -26.5165042944955 22.5
268	-14.3506287136909 -34.6454824691732 22.5
269	-6.88863824520386e-15 -37.5 22.5
270	14.3506287136909 -34.6454824691732 22.5
271	26.5165042944955 -26.5165042944955 22.5
272	34.6454824691732 -14.3506287136909 22.5
273	35.0 0.0 22.5
274	32.335783637895 13.3939201327781 22.5
275	24.7487373415292 24.7487373415292 22.5
276	13.3939201327781 32.335783637895 22.5
277	2.14313189850787e-15 35.0 22.5
278	-13.3939201327781 32.335783637895 22.5
279	-24.7487373415292 24.7487373415292 22.5
280	-32.335783637895 13.3939201327781 22.5
281	-35.0 4.28626379701574e-15 22.5
282	-32.335783637895 -13.3939201327781 22.5
283	-24.7487373415292 -24.7487373415292 22.5
284	-13.3939201327782 -32.335783637895 22.5
285	-6.4293956955236e-15 -35.0 22.5
286	13.3939201327782 -32.335783637895 22.5
287	24.7487373415292 -24.7487373415292 22.5
288	32.335783637895 -13.3939201327782 22.5
289	32.5 0.0 22.5
290	30.0260848066168 12.4372115518654 22.5
291	22.9809703885628 22.9809703885628 22.5
292	12.4372115518654 30.0260848066168 22.5
293	1.99005104861445e-15 32.5 22.5
294	-12.4372115518654 30.0260848066168 22.5
295	-22.9809703885628 22.9809703885628 22.5
296	-30.0260848066168 12.4372115518654 22.5
297	-32.5 3.9801020972289e-15 22.5
298	-30.0260848066168 -12.4372115518654 22.5
299	-22.9809703885628 -22.9809703885628 22.5
300	-12.4372115518654 -30.0260848066168 22.5
301	-5.97015314584335e-15 -32.5 22.5
302	12.4372115518654 -30.0260848066168 22.5
303	22.9809703885628 -22.9809703885628 22.5
304	30.0260848066168 -12.4372115518654 22.5
305	30.0 0.0 22.5
306	27.7163859753386 11.4805029709527 22.5
307	21.2132034355964 21.2132034355964 22.5
308	11.4805029709527 27.7163859753386 22.5
309	1.83697019872103e-15 30.0 22.5
310	-11.4805029709527 27.7163859753386 22.5
311	-21.2132034355964 21.2132034355964 22.5
312	-27.7163859753386 11.4805029709527 22.5
313	-30.0 3.67394039744206e-15 22.5
314	-27.7163859753386 -11.4805029709527 22.5
315	-21.2132034355964 -21.2132034355964 22.5
316	-11.4805029709527 -27.7163859753386 22.5
317	-5.51091059616309e-15 -30.0 22.5
318	11.4805029709527 -27.7163859753386 22.5
319	21.2132034355964 -21.2132034355964 22.5
320	27.7163859753386 -11.4805029709527 22.5
321	40.0 0.0 30.0
322	36.9551813004515 15.3073372946036 30.0
323	28.2842712474619 28.2842712474619 30.0
324	15.3073372946036 36.9551813004515 30.0
325	2.44929359829471e-15 40.0 30.0
326	-15.3073372946036 36.9551813004515 30.0
327	-28.2842712474619 28.2842712474619 30.0
328	-36.9551813004515 15.3073372946036 30.0
329	-40.0 4.89858719658941e-15 30.0
330	-36.9551813004515 -15.3073372946036 30.0
331	-28.2842712474619 -28.2842712474619 30.0
332	-15.3073372946036 -36.9551813004515 30.0
333	-7.34788079488412e-15 -40.0 30.0
334	15.3073372946036 -36.9551813004515 30.0
335	28.2842712474619 -28.2842712474619 30.0
336	36.9551813004515 -15.3073372946036 30.0
337	37.5 0.0 30.0
338	34.6454824691733 14.3506287136909 30.0
339	26.5165042944955 26.5165042944955 30.0
340	14.3506287136909 34.6454824691733 30.0
341	2.29621274840129e-15 37.5 30.0
342	-14.3506287136909 34.6454824691733 30.0
343	-26.5165042944955 26.5165042944955 30.0
344	-34.6454824691733 14.3506287136909 30.0
345	-37.5 4.59242549680257e-15 30.0
346	-34.6454824691733 -14.3506287136909 30.0
347	-26.5165042944955 -26.5165042944955 30.0
348	-14.3506287136909 -34.6454824691732 30.0
349	-6.88863824520386e-15 -37.5 30.0
350	14.3506287136909 -34.6454824691732 30.0
351	26.5165042944955 -26.5165042944955 30.0
352	34.6454824691732 -14.3506287136909 30.0
353	35.0 0.0 30.0
354	32.335783637895 13.3939201327781 30.0
355	24.7487373415292 24.7487373415292 30.0
356	13.3939201327781 32.335783637895 30.0
357	2.14313189850787e-15 35.0 30.0
358	-13.3939201327781 32.335783637895 30.0
359	-24.7487373415292 24.7487373415292 30.0
360	-32.335783637895 13.3939201327781 30.0
361	-35.0 4.28626379701574e-15 30.0
362	-32.335783637895 -13.3939201327781 30.0
363	-24.7487373415292 -24.7487373415292 30.0
364	-13.3939201327782 -32.335783637895 30.0
365	-6.4293956955236e-15 -35.0 30.0
366	13.3939201327782 -32.335783637895 30.0
367	24.7487373415292 -24.7487373415292 30.0
368	32.335783637895 -13.3939201327782 30.0
369	32.5 0.0 30.0
370	30.0260848066168 12.4372115518654 30.0
371	22.9809703885628 22.9809703885628 30.0
372	12.4372115518654 30.0260848066168 30.0
373	1.99005104861445e-15 32.5 30.0
374	-12.4372115518654 30.0260848066168 30.0
375	-22.9809703885628 22.9809703885628 30.0
376	-30.0260848066168 12.4372115518654 30.0
377	-32.5 3.9801020972289e-15 30.0
378	-30.0260848066168 -12.4372115518654 30.0
379	-22.9809703885628 -22.9809703885628 30.0
380	-12.4372115518654 -30.0260848066168 30.0
381	-5.97015314584335e-15 -32.5 30.0
382	12.4372115518654 -30.0260848066168 30.0
383	22.9809703885628 -22.9809703885628 30.0
384	30.0260848066168 -12.4372115518654 30.0
385	30.0 0.0 30.0
386	27.7163859753386 11.4805029709527 30.0
387	21.2132034355964 21.2132034355964 30.0
388	11.4805029709527 27.7163859753386 30.0
389	1.83697019872103e-15 30.0 30.0
390	-11.4805029709527 27.7163859753386 30.0
391	-21.2132034355964 21.2132034355964 30.0
392	-27.7163859753386 11.4805029709527 30.0
393	-30.0 3.67394039744206e-15 30.0
394	-27.7163859753386 -11.4805029709527 30.0
395	-21.2132034355964 -21.2132034355964 30.0
396	-11.4805029709527 -27.7163859753386 30.0
397	-5.51091059616309e-15 -30.0 30.0
398	11.4805029709527 -27.7163859753386 30.0
399	21.2132034355964 -21.2132034355964 30.0
400	27.7163859753386 -11.4805029709527 30.0
401	40.0 0.0 37.5
402	36.9551813004515 15.3073372946036 37.5
403	28.2842712474619 28.2842712474619 37.5
404	15.3073372946036 36.9551813004515 37.5
405	2.44929359829471e-15 40.0 37.5
406	-15.3073372946036 36.9551813004515 37.5
407	-28.2842712474619 28.2842712474619 37.5
408	-36.9551813004515 15.3073372946036 37.5
409	-40.0 4.89858719658941e-15 37.5
410	-36.9551813004515 -15.3073372946036 37.5
411	-28.2842712474619 -28.2842712474619 37.5
412	-15.3073372946036 -36.9551813004515 37.5
413	-7.34788079488412e-15 -40.0 37.5
414	15.3073372946036 -36.9551813004515 37.5
415	28.2842712474619 -28.2842712474619 37.5
416	36.9551813004515 -15.3073372946036 37.5
417	37.5 0.0 37.5
418	34.6454824691733 14.3506287136909 37.5
419	26.5165042944955 26.5165042944955 37.5
420	14.3506287136909 34.6454824691733 37.5
421	2.29621274840129e-15 37.5 37.5
422	-14.3506287136909 34.6454824691733 37.5
423	-26.5165042944955 26.5165042944955 37.5
424	-34.6454824691733 14.3506287136909 37.5
425	-37.5 4.59242549680257e-15 37.5
426	-34.6454824691733 -14.3506287136909 37.5
427	-26.5165042944955 -26.5165042944955 37.5
428	-14.3506287136909 -34.6454824691732 37.5
429	-6.88863824520386e-15 -37.5 37.5
430	14.3506287136909 -34.6454824691732 37.5
431	26.5165042944955 -26.5165042944955 37.5
432	34.6454824691732 -14.3506287136909 37.5
433	35.0 0.0 37.5
434	32.335783637895 13.3939201327781 37.5
435	24.7487373415292 24.7487373415292 37.5
436	13.3939201327781 32.335783637895 37.5
437	2.14313189850787e-15 35.0 37.5
438	-13.3939201327781 32.335783637895 37.5
439	-24.7487373415292 24.7487373415292 37.5
440	-32.335783637895 13.3939201327781 37.5
441	-35.0 4.28626379701574e-15 37.5
442	-32.335783637895 -13.3939201327781 37.5
443	-24.7487373415292 -24.7487373415292 37.5
444	-13.3939201327782 -32.335783637895 37.5
445	-6.4293956955236e-15 -35.0 37.5
446	13.3939201327782 -32.335783637895 37.5
447	24.7487373415292 -24.7487373415292 37.5
448	32.335783637895 -13.3939201327782 37.5
449	32.5 0.0 37.5
450	30.0260848066168 12.4372115518654 37.5
451	22.9809703885628 22.9809703885628 37.5
452	12.4372115518654 30.0260848066168 37.5
453	1.99005104861445e-15 32.5 37.5
454	-12.4372115518654 30.0260848066168 37.5
455	-22.9809703885628 22.9809703885628 37.5
456	-30.0260848066168 12.4372115518654 37.5
457	-32.5 3.9801020972289e-15 37.5
458	-30.0260848066168 -12.4372115518654 37.5
459	-22.9809703885628 -22.9809703885628 37.5
460	-12.4372115518654 -30.0260848066168 37.5
461	-5.97015314584335e-15 -32.5 37.5
462	12.4372115518654 -30.0260848066168 37.5
463	22.9809703885628 -22.9809703885628 37.5
464	30.0260848066168 -12.4372115518654 37.5
465	30.0 0.0 37.5
466	27.7163859753386 11.4805029709527 37.5
467	21.2132034355964 21.2132034355964 37.5
468	11.4805029709527 27.7163859753386 37.5
469	1.83697019872103e-15 30.0 37.5
470	-11.4805029709527 27.7163859753386 37.5
471	-21.2132034355964 21.2132034355964 37.5
472	-27.7163859753386 11.4805029709527 37.5
473	-30.0 3.67394039744206e-15 37.5
474	-27.7163859753386 -11.4805029709527 37.5
475	-21.2132034355964 -21.2132034355964 37.5
476	-11.4805029709527 -27.7163859753386 37.5
477	-5.51091059616309e-15 -30.0 37.5
478	11.4805029709527 -27.7163859753386 37.5
479	21.2132034355964 -21.2132034355964 37.5
480	27.7163859753386 -11.4805029709527 37.5
481	40.0 0.0 45.0
482	36.9551813004515 15.3073372946036 45.0
483	28.2842712474619 28.2842712474619 45.0
484	15.3073372946036 36.9551813004515 45.0
485	2.44929359829471e-15 40.0 45.0
486	-15.3073372946036 36.9551813004515 45.0
487	-28.2842712474619 28.2842712474619 45.0
488	-36.9551813004515 15.3073372946036 45.0
489	-40.0 4.89858719658941e-15 45.0
490	-36.9551813004515 -15.3073372946036 45.0
491	-28.2842712474619 -28.2842712474619 45.0
492	-15.3073372946036 -36.9551813004515 45.0
493	-7.34788079488412e-15 -40.0 45.0
494	15.3073372946036 -36.9551813004515 45.0
495	28.2842712474619 -28.2842712474619 45.0
496	36.9551813004515 -15.3073372946036 45.0
497	37.5 0.0 45.0
498	34.6454824691733 14.3506287136909 45.0
499	26.5165042944955 26.5165042944955 45.0
500	14.3506287136909 34.6454824691733 45.0
501	2.29621274840129e-15 37.5 45.0
502	-14.3506287136909 34.6454824691733 45.0
503	-26.5165042944955 26.5165042944955 45.0
504	-34.6454824691733 14.3506287136909 45.0
505	-37.5 4.59242549680257e-15 45.0
506	-34.6454824691733 -14.3506287136909 45.0
507	-26.5165042944955 -26.5165042944955 45.0
508	-14.3506287136909 -34.6454824691732 45.0
509	-6.88863824520386e-15 -37.5 45.0
510	14.3506287136909 -34.6454824691732 45.0
511	26.5165042944955 -26.5165042944955 45.0
512	34.6454824691732 -14.3506287136909 45.0
513	35.0 0.0 45.0
514	32.335783637895 13.3939201327781 45.0
515	24.7487373415292 24.7487373415292 45.0
516	13.3939201327781 32.335783637895 45.0
517	2.14313189850787e-15 35.0 45.0
518	-13.3939201327781 32.335783637895 45.0
519	-24.7487373415292 24.7487373415292 45.0
520	-32.335783637895 13.3939201327781 45.0
521	-35.0 4.28626379701574e-15 45.0
522	-32.335783637895 -13.3939201327781 45.0
523	-24.7487373415292 -24.7487373415292 45.0
524	-13.3939201327782 -32.335783637895 45.0
525	-6.4293956955236e-15 -35.0 45.0
526	13.3939201327782 -32.335783637895 45.0
527	24.7487373415292 -24.7487373415292 45.0
528	32.335783637895 -13.3939201327782 45.0
529	32.5 0.0 45.0
530	30.0260848066168 12.4372115518654 45.0
531	22.9809703885628 22.9809703885628 45.0
532	12.4372115518654 30.0260848066168 45.0
533	1.99005104861445e-15 32.5 45.0
534	-12.4372115518654 30.0260848066168 45.0
535	-22.9809703885628 22.9809703885628 45.0
536	-30.0260848066168 12.4372115518654 45.0
537	-32.5 3.9801020972289e-15 45.0
538	-30.0260848066168 -12.4372115518654 45.0
539	-22.9809703885628 -22.9809703885628 45.0
540	-12.4372115518654 -30.0260848066168 45.0
541	-5.97015314584335e-15 -32.5 45.0
542	12.4372115518654 -30.0260848066168 45.0
543	22.9809703885628 -22.9809703885628 45.0
544	30.0260848066168 -12.4372115518654 45.0
545	30.0 0.0 45.0
546	27.7163859753386 11.4805029709527 45.0
547	21.2132034355964 21.2132034355964 45.0
548	11.4805029709527 27.7163859753386 45.0
549	1.83697019872103e-15 30.0 45.0
550	-11.4805029709527 27.7163859753386 45.0
551	-21.2132034355964 21.2132034355964 45.0
552	-27.7163859753386 11.4805029709527 45.0
553	-30.0 3.67394039744206e-15 45.0
554	-27.7163859753386 -11.4805029709527 45.0
555	-21.2132034355964 -21.2132034355964 45.0
556	-11.4805029709527 -27.7163859753386 45.0
557	-5.51091059616309e-15 -30.0 45.0
558	11.4805029709527 -27.7163859753386 45.0
559	21.2132034355964 -21.2132034355964 45.0
560	27.7163859753386 -11.4805029709527 45.0
561	40.0 0.0 52.5
562	36.9551813004515 15.3073372946036 52.5
563	28.2842712474619 28.2842712474619 52.5
564	15.3073372946036 36.9551813004515 52.5
565	2.44929359829471e-15 40.0 52.5
566	-15.3073372946036 36.9551813004515 52.5
567	-28.2842712474619 28.2842712474619 52.5
568	-36.9551813004515 15.3073372946036 52.5
569	-40.0 4.89858719658941e-15 52.5
570	-36.9551813004515 -15.3073372946036 52.5
571	-28.2842712474619 -28.2842712474619 52.5
572	-15.3073372946036 -36.9551813004515 52.5
573	-7.34788079488412e-15 -40.0 52.5
574	15.3073372946036 -36.9551813004515 52.5
575	28.2842712474619 -28.2842712474619 52.5
576	36.9551813004515 -15.3073372946036 52.5
577	37.5 0.0 52.5
578	34.6454824691733 14.3506287136909 52.5
579	26.5165042944955 26.5165042944955 52.5
580	14.3506287136909 34.6454824691733 52.5
581	2.29621274840129e-15 37.5 52.5
582	-14.3506287136909 34.6454824691733 52.5
583	-26.5165042944955 26.5165042944955 52.5
584	-34.6454824691733 14.3506287136909 52.5
585	-37.5 4.59242549680257e-15 52.5
586	-34.6454824691733 -14.3506287136909 52.5
587	-26.5165042944955 -26.5165042944955 52.5
588	-14.3506287136909 -34.6454824691732 52.5
589	-6.88863824520386e-15 -37.5 52.5
590	14.3506287136909 -34.6454824691732 52.5
591	26.5165042944955 -26.5165042944955 52.5
592	34.6454824691732 -14.3506287136909 52.5
593	35.0 0.0 52.5
594	32.335783637895 13.3939201327781 52.5
595	24.7487373415292 24.7487373415292 52.5
596	13.3939201327781 32.335783637895 52.5
597	2.14313189850787e-15 35.0 52.5
598	-13.3939201327781 32.335783637895 52.5
599	-24.7487373415292 24.7487373415292 52.5
600	-32.335783637895 13.3939201327781 52.5
601	-35.0 4.28626379701574e-15 52.5
602	-32.335783637895 -13.3939201327781 52.5
603	-24.7487373415292 -24.7487373415292 52.5
604	-13.3939201327782 -32.335783637895 52.5
605	-6.4293956955236e-15 -35.0 52.5
606	13.3939201327782 -32.335783637895 52.5
607	24.7487373415292 -24.7487373415292 52.5
608	32.335783637895 -13.3939201327782 52.5
609	32.5 0.0 52.5
610	30.0260848066168 12.4372115518654 52.5
611	22.9809703885628 22.9809703885628 52.5
612	12.4372115518654 30.0260848066168 52.5
613	1.99005104861445e-15 32.5 52.5
614	-12.4372115518654 30.0260848066168 52.5
615	-22.9809703885628 22.9809703885628 52.5
616	-30.0260848066168 12.4372115518654 52.5
617	-32.5 3.9801020972289e-15 52.5
618	-30.0260848066168 -12.4372115518654 52.5
619	-22.9809703885628 -22.9809703885628 52.5
620	-12.4372115518654 -30.0260848066168 52.5
621	-5.97015314584335e-15 -32.5 52.5
622	12.4372115518654 -30.0260848066168 52.5
623	22.9809703885628 -22.9809703885628 52.5
624	30.0260848066168 -12.4372115518654 52.5
625	30.0 0.0 52.5
626	27.7163859753386 11.4805029709527 52.5
627	21.2132034355964 21.2132034355964 52.5
628	11.4805029709527 27.7163859753386 52.5
629	1.83697019872103e-15 30.0 52.5
630	-11.4805029709527 27.7163859753386 52.5
631	-21.2132034355964 21.2132034355964 52.5
632	-27.7163859753386 11.4805029709527 52.5
633	-30.0 3.67394039744206e-15 52.5
634	-27.7163859753386 -11.4805029709527 52.5
635	-21.2132034355964 -21.2132034355964 52.5
636	-11.4805029709527 -27.7163859753386 52.5
637	-5.51091059616309e-15 -30.0 52.5
638	11.4805029709527 -27.7163859753386 52.5
639	21.2132034355964 -21.2132034355964 52.5
640	27.7163859753386 -11.4805029709527 52.5
641	40.0 0.0 60.0
642	36.9551813004515 15.3073372946036 60.0
643	28.2842712474619 28.2842712474619 60.0
644	15.3073372946036 36.9551813004515 60.0
645	2.44929359829471e-15 40.0 60.0
646	-15.3073372946036 36.9551813004515 60.0
647	-28.2842712474619 28.2842712474619 60.0
648	-36.9551813004515 15.3073372946036 60.0
649	-40.0 4.89858719658941e-15 60.0
650	-36.9551813004515 -15.3073372946036 60.0
651	-28.2842712474619 -28.2842712474619 60.0
652	-15.3073372946036 -36.9551813004515 60.0
653	-7.34788079488412e-15 -40.0 60.0
654	15.3073372946036 -36.9551813004515 60.0
655	28.2842712474619 -28.2842712474619 60.0
656	36.9551813004515 -15.3073372946036 60.0
657	37.5 0.0 60.0
658	34.6454824691733 14.3506287136909 60.0
659	26.5165042944955 26.5165042944955 60.0
660	14.3506287136909 34.6454824691733 60.0
661	2.29621274840129e-15 37.5 60.0
662	-14.3506287136909 34.6454824691733 60.0
663	-26.5165042944955 26.5165042944955 60.0
664	-34.6454824691733 14.3506287136909 60.0
665	-37.5 4.59242549680257e-15 60.0
666	-34.6454824691733 -14.3506287136909 60.0
667	-26.5165042944955 -26.5165042944955 60.0
668	-14.3506287136909 -34.6454824691732 60.0
669	-6.88863824520386e-15 -37.5 60.0
670	14.3506287136909 -34.6454824691732 60.0
671	26.5165042944955 -26.5165042944955 60.0
672	34.6454824691732 -14.3506287136909 60.0
673	35.0 0.0 60.0
674	32.335783637895 13.3939201327781 60.0
675	24.7487373415292 24.7487373415292 60.0
676	13.3939201327781 32.335783637895 60.0
677	2.14313189850787e-15 35.0 60.0
678	-13.3939201327781 32.335783637895 60.0
679	-24.7487373415292 24.7487373415292 60.0
680	-32.335783637895 13.3939201327781 60.0
681	-35.0 4.28626379701574e-15 60.0
682	-32.335783637895 -13.3939201327781 60.0
683	-24.7487373415292 -24.7487373415292 60.0
684	-13.3939201327782 -32.335783637895 60.0
685	-6.4293956955236e-15 -35.0 60.0
686	13.3939201327782 -32.335783637895 60.0
687	24.7487373415292 -24.7487373415292 60.0
688	32.335783637895 -13.3939201327782 60.0
689	32.5 0.0 60.0
690	30.0260848066168 12.4372115518654 60.0
691	22.9809703885628 22.9809703885628 60.0
692	12.4372115518654 30.0260848066168 60.0
693	1.99005104861445e-15 32.5 60.0
694	-12.4372115518654 30.0260848066168 60.0
695	-22.9809703885628 22.9809703885628 60.0
696	-30.0260848066168 12.4372115518654 60.0
697	-32.5 3.9801020972289e-15 60.0
698	-30.0260848066168 -12.4372115518654 60.0
699	-22.9809703885628 -22.9809703885628 60.0
700	-12.4372115518654 -30.0260848066168 60.0
701	-5.97015314584335e-15 -32.5 60.0
702	12.4372115518654 -30.0260848066168 60.0
703	22.9809703885628 -22.9809703885628 60.0
704	30.0260848066168 -12.4372115518654 60.0
705	30.0 0.0 60.0
706	27.7163859753386 11.4805029709527 60.0
707	21.2132034355964 21.2132034355964 60.0
708	11.4805029709527 27.7163859753386 60.0
709	1.83697019872103e-15 30.0 60.0
710	-11.4805029709527 27.7163859753386 60.0
711	-21.2132034355964 21.2132034355964 60.0
712	-27.7163859753386 11.4805029709527 60.0
713	-30.0 3.67394039744206e-15 60.0
714	-27.7163859753386 -11.4805029709527 60.0
715	-21.2132034355964 -21.2132034355964 60.0
716	-11.4805029709527 -27.7163859753386 60.0
717	-5.51091059616309e-15 -30.0 60.0
718	11.4805029709527 -27.7163859753386 60.0
719	21.2132034355964 -21.2132034355964 60.0
720	27.7163859753386 -11.4805029709527 60.0
fixed_nodes
83
648 1 0
648 2 0
656 2 0
641 3 0
642 3 0
643 3 0
644 3 0
645 3 0
646 3 0
647 3 0
648 3 0
649 3 0
650 3 0
651 3 0
652 3 0
653 3 0
654 3 0
655 3 0
656 3 0
657 3 0
658 3 0
659 3 0
660 3 0
661 3 0
662 3 0
663 3 0
664 3 0
665 3 0
666 3 0
667 3 0
668 3 0
669 3 0
670 3 0
671 3 0
672 3 0
673 3 0
674 3 0
675 3 0
676 3 0
677 3 0
678 3 0
679 3 0
680 3 0
681 3 0
682 3 0
683 3 0
684 3 0
685 3 0
686 3 0
687 3 0
688 3 0
689 3 0
690 3 0
691 3 0
692 3 0
693 3 0
694 3 0
695 3 0
696 3 0
697 3 0
698 3 0
699 3 0
700 3 0
701 3 0
702 3 0
703 3 0
704 3 0
705 3 0
706 3 0
707 3 0
708 3 0
709 3 0
710 3 0
711 3 0
712 3 0
713 3 0
714 3 0
715 3 0
716 3 0
717 3 0
718 3 0
719 3 0
720 3 0
traction_forces
0 0
fibers
1	-0.0 0.5 -0.866025403784439
2	-0.191341716182545 0.461939766255643 -0.866025403784439
3	-0.353553390593274 0.353553390593274 -0.866025403784439
4	-0.461939766255643 0.191341716182545 -0.866025403784439
5	-0.5 3.06161699786838e-17 -0.866025403784439
6	-0.461939766255643 -0.191341716182545 -0.866025403784439
7	-0.353553390593274 -0.353553390593274 -0.866025403784439
8	-0.191341716182545 -0.461939766255643 -0.866025403784439
9	-6.12323399573677e-17 -0.5 -0.866025403784439
10	0.191341716182545 -0.461939766255644 -0.866025403784439
11	0.353553390593274 -0.353553390593274 -0.866025403784439
12	0.461939766255643 -0.191341716182545 -0.866025403784439
13	0.5 -9.18485099360515e-17 -0.866025403784439
14	0.461939766255643 0.191341716182545 -0.866025403784439
15	0.353553390593274 0.353553390593274 -0.866025403784439
16	0.191341716182545 0.461939766255643 -0.866025403784439
17	-0.0 0.866025403784439 -0.5
18	-0.331413574035592 0.800103145191266 -0.5
19	-0.612372435695794 0.612372435695795 -0.5
20	-0.800103145191266 0.331413574035592 -0.5
21	-0.866025403784439 5.30287619362453e-17 -0.5
22	-0.800103145191266 -0.331413574035592 -0.5
23	-0.612372435695795 -0.612372435695794 -0.5
24	-0.331413574035592 -0.800103145191266 -0.5
25	-1.06057523872491e-16 -0.866025403784439 -0.5
26	0.331413574035592 -0.800103145191266 -0.5
27	0.612372435695794 -0.612372435695795 -0.5
28	0.800103145191265 -0.331413574035592 -0.5
29	0.866025403784439 -1.59086285808736e-16 -0.5
30	0.800103145191265 0.331413574035592 -0.5
31	0.612372435695795 0.612372435695794 -0.5
32	0.331413574035592 0.800103145191265 -0.5
33	-0.0 1.0 0.0
34	-0.38268343236509 0.923879532511287 0.0
35	-0.707106781186547 0.707106781186548 0.0
36	-0.923879532511287 0.38268343236509 0.0
37	-1.0 6.12323399573677e-17 0.0
38	-0.923879532511287 -0.38268343236509 0.0
39	-0.707106781186548 -0.707106781186547 0.0
40	-0.38268343236509 -0.923879532511287 0.0
41	-1.22464679914735e-16 -1.0 0.0
42	0.38268343236509 -0.923879532511287 0.0
43	0.707106781186547 -0.707106781186548 0.0
44	0.923879532511287 -0.38268343236509 0.0
45	1.0 -1.83697019872103e-16 0.0
46	0.923879532511287 0.38268343236509 0.0
47	0.707106781186548 0.707106781186547 0.0
48	0.38268343236509 0.923879532511287 0.0
49	-0.0 0.866025403784439 0.5
50	-0.331413574035592 0.800103145191265 0.5
51	-0.612372435695794 0.612372435695795 0.5
52	-0.800103145191265 0.331413574035592 0.5
53	-0.866025403784439 5.30287619362453e-17 0.5
54	-0.800103145191265 -0.331413574035592 0.5
55	-0.612372435695795 -0.612372435695794 0.5
56	-0.331413574035592 -0.800103145191265 0.5
57	-1.06057523872491e-16 -0.866025403784439 0.5
58	0.331413574035592 -0.800103145191266 0.5
59	0.612372435695794 -0.612372435695795 0.5
60	0.800103145191265 -0.331413574035592 0.5
61	0.866025403784439 -1.59086285808736e-16 0.5
62	0.800103145191265 0.331413574035592 0.5
63	0.612372435695795 0.612372435695794 0.5
64	0.331413574035592 0.800103145191265 0.5
65	-0.0 0.5 0.866025403784439
66	-0.191341716182545 0.461939766255643 0.866025403784439
67	-0.353553390593274 0.353553390593274 0.866025403784439
68	-0.461939766255643 0.191341716182545 0.866025403784439
69	-0.5 3.06161699786838e-17 0.866025403784439
70	-0.461939766255643 -0.191341716182545 0.866025403784439
71	-0.353553390593274 -0.353553390593274 0.866025403784439
72	-0.191341716182545 -0.461939766255643 0.866025403784439
73	-6.12323399573677e-17 -0.5 0.866025403784439
74	0.191341716182545 -0.461939766255644 0.866025403784439
75	0.353553390593274 -0.353553390593274 0.866025403784439
76	0.461939766255643 -0.191341716182545 0.866025403784439
77	0.5 -9.18485099360515e-17 0.866025403784439
78	0.461939766255643 0.191341716182545 0.866025403784439
79	0.353553390593274 0.353553390593274 0.866025403784439
80	0.191341716182545 0.461939766255643 0.866025403784439
81	-0.0 0.5 -0.866025403784439
82	-0.191341716182545 0.461939766255643 -0.866025403784439
83	-0.353553390593274 0.353553390593274 -0.866025403784439
84	-0.461939766255643 0.191341716182545 -0.866025403784439
85	-0.5 3.06161699786838e-17 -0.866025403784439
86	-0.461939766255643 -0.191341716182545 -0.866025403784439
87	-0.353553390593274 -0.353553390593274 -0.866025403784439
88	-0.191341716182545 -0.461939766255643 -0.866025403784439
89	-6.12323399573677e-17 -0.5 -0.866025403784439
90	0.191341716182545 -0.461939766255644 -0.866025403784439
91	0.353553390593274 -0.353553390593274 -0.866025403784439
92	0.461939766255643 -0.191341716182545 -0.866025403784439
93	0.5 -9.18485099360515e-17 -0.866025403784439
94	0.461939766255643 0.191341716182545 -0.866025403784439
95	0.353553390593274 0.353553390593274 -0.866025403784439
96	0.191341716182545 0.461939766255643 -0.866025403784439
97	-0.0 0.866025403784439 -0.5
98	-0.331413574035592 0.800103145191266 -0.5
99	-0.612372435695794 0.612372435695795 -0.5
100	-0.800103145191266 0.331413574035592 -0.5
101	-0.866025403784439 5.30287619362453e-17 -0.5
102	-0.800103145191266 -0.331413574035592 -0.5
103	-0.612372435695795 -0.612372435695794 -0.5
104	-0.331413574035592 -0.800103145191266 -0.5
105	-1.06057523872491e-16 -0.866025403784439 -0.5
106	0.331413574035592 -0.800103145191266 -0.5
107	0.612372435695794 -0.612372435695795 -0.5
108	0.800103145191265 -0.331413574035592 -0.5
109	0.866025403784439 -1.59086285808736e-16 -0.5
110	0.800103145191265 0.331413574035592 -0.5
111	0.612372435695795 0.612372435695794 -0.5
112	0.331413574035592 0.800103145191265 -0.5
113	-0.0 1.0 0.0
114	-0.38268343236509 0.923879532511287 0.0
115	-0.707106781186547 0.707106781186548 0.0
116	-0.923879532511287 0.38268343236509 0.0
117	-1.0 6.12323399573677e-17 0.0
118	-0.923879532511287 -0.38268343236509 0.0
119	-0.707106781186548 -0.707106781186547 0.0
120	-0.38268343236509 -0.923879532511287 0.0
121	-1.22464679914735e-16 -1.0 0.0
122	0.38268343236509 -0.923879532511287 0.0
123	0.707106781186547 -0.707106781186548 0.0
124	0.923879532511287 -0.38268343236509 0.0
125	1.0 -1.83697019872103e-16 0.0
126	0.923879532511287 0.38268343236509 0.0
127	0.707106781186548 0.707106781186547 0.0
128	0.38268343236509 0.923879532511287 0.0
129	-0.0 0.866025403784439 0.5
130	-0.331413574035592 0.800103145191265 0.5
131	-0.612372435695794 0.612372435695795 0.5
132	-0.800103145191265 0.331413574035592 0.5
133	-0.866025403784439 5.30287619362453e-17 0.5
134	-0.800103145191265 -0.331413574035592 0.5
135	-0.612372435695795 -0.612372435695794 0.5
136	-0.331413574035592 -0.800103145191265 0.5
137	-1.06057523872491e-16 -0.866025403784439 0.5
138	0.331413574035592 -0.800103145191266 0.5
139	0.612372435695794 -0.612372435695795 0.5
140	0.800103145191265 -0.331413574035592 0.5
141	0.866025403784439 -1.59086285808736e-16 0.5
142	0.800103145191265 0.331413574035592 0.5
143	0.612372435695795 0.612372435695794 0.5
144	0.331413574035592 0.800103145191265 0.5
145	-0.0 0.5 0.866025403784439
146	-0.191341716182545 0.461939766255643 0.866025403784439
147	-0.353553390593274 0.353553390593274 0.866025403784439
148	-0.461939766255643 0.191341716182545 0.866025403784439
149	-0.5 3.06161699786838e-17 0.866025403784439
150	-0.461939766255643 -0.191341716182545 0.866025403784439
151	-0.353553390593274 -0.353553390593274 0.866025403784439
152	-0.191341716182545 -0.461939766255643 0.866025403784439
153	-6.12323399573677e-17 -0.5 0.866025403784439
154	0.191341716182545 -0.461939766255644 0.866025403784439
155	0.353553390593274 -0.353553390593274 0.866025403784439
156	0.461939766255643 -0.191341716182545 0.866025403784439
157	0.5 -9.18485099360515e-17 0.866025403784439
158	0.461939766255643 0.191341716182545 0.866025403784439
159	0.353553390593274 0.353553390593274 0.866025403784439
160	0.191341716182545 0.461939766255643 0.866025403784439
161	-0.0 0.5 -0.866025403784439
162	-0.191341716182545 0.461939766255643 -0.866025403784439
163	-0.353553390593274 0.353553390593274 -0.866025403784439
164	-0.461939766255643 0.191341716182545 -0.866025403784439
165	-0.5 3.06161699786838e-17 -0.866025403784439
166	-0.461939766255643 -0.191341716182545 -0.866025403784439
167	-0.353553390593274 -0.353553390593274 -0.866025403784439
168	-0.191341716182545 -0.461939766255643 -0.866025403784439
169	-6.12323399573677e-17 -0.5 -0.866025403784439
170	0.191341716182545 -0.461939766255644 -0.866025403784439
171	0.353553390593274 -0.353553390593274 -0.866025403784439
172	0.461939766255643 -0.191341716182545 -0.866025403784439
173	0.5 -9.18485099360515e-17 -0.866025403784439
174	0.461939766255643 0.191341716182545 -0.866025403784439
175	0.353553390593274 0.353553390593274 -0.866025403784439
176	0.191341716182545 0.461939766255643 -0.866025403784439
177	-0.0 0.866025403784439 -0.5
178	-0.331413574035592 0.800103145191266 -0.5
179	-0.612372435695794 0.612372435695795 -0.5
180	-0.800103145191266 0.331413574035592 -0.5
181	-0.866025403784439 5.30287619362453e-17 -0.5
182	-0.800103145191266 -0.331413574035592 -0.5
183	-0.612372435695795 -0.612372435695794 -0.5
184	-0.331413574035592 -0.800103145191266 -0.5
185	-1.06057523872491e-16 -0.866025403784439 -0.5
186	0.331413574035592 -0.800103145191266 -0.5
187	0.612372435695794 -0.612372435695795 -0.5
188	0.800103145191265 -0.331413574035592 -0.5
189	0.866025403784439 -1.59086285808736e-16 -0.5
190	0.800103145191265 0.331413574035592 -0.5
191	0.612372435695795 0.612372435695794 -0.5
192	0.331413574035592 0.800103145191265 -0.5
193	-0.0 1.0 0.0
194	-0.38268343236509 0.923879532511287 0.0
195	-0.707106781186547 0.707106781186548 0.0
196	-0.923879532511287 0.38268343236509 0.0
197	-1.0 6.12323399573677e-17 0.0
198	-0.923879532511287 -0.38268343236509 0.0
199	-0.707106781186548 -0.707106781186547 0.0
200	-0.38268343236509 -0.923879532511287 0.0
201	-1.22464679914735e-16 -1.0 0.0
202	0.38268343236509 -0.923879532511287 0.0
203	0.707106781186547 -0.707106781186548 0.0
204	0.923879532511287 -0.38268343236509 0.0
205	1.0 -1.83697019872103e-16 0.0
206	0.923879532511287 0.38268343236509 0.0
207	0.707106781186548 0.707106781186547 0.0
208	0.38268343236509 0.923879532511287 0.0
209	-0.0 0.866025403784439 0.5
210	-0.331413574035592 0.800103145191265 0.5
211	-0.612372435695794 0.612372435695795 0.5
212	-0.800103145191265 0.331413574035592 0.5
213	-0.866025403784439 5.30287619362453e-17 0.5
214	-0.800103145191265 -0.331413574035592 0.5
215	-0.612372435695795 -0.612372435695794 0.5
216	-0.331413574035592 -0.800103145191265 0.5
217	-1.06057523872491e-16 -0.866025403784439 0.5
218	0.331413574035592 -0.800103145191266 0.5
219	0.612372435695794 -0.612372435695795 0.5
220	0.800103145191265 -0.331413574035592 0.5
221	0.866025403784439 -1.59086285808736e-16 0.5
222	0.800103145191265 0.331413574035592 0.5
223	0.612372435695795 0.612372435695794 0.5
224	0.331413574035592 0.800103145191265 0.5
225	-0.0 0.5 0.866025403784439
226	-0.191341716182545 0.461939766255643 0.866025403784439
227	-0.353553390593274 0.353553390593274 0.866025403784439
228	-0.461939766255643 0.191341716182545 0.866025403784439
229	-0.5 3.06161699786838e-17 0.866025403784439
230	-0.461939766255643 -0.191341716182545 0.866025403784439
231	-0.353553390593274 -0.353553390593274 0.866025403784439
232	-0.191341716182545 -0.461939766255643 0.866025403784439
233	-6.12323399573677e-17 -0.5 0.866025403784439
234	0.191341716182545 -0.461939766255644 0.866025403784439
235	0.353553390593274 -0.353553390593274 0.866025403784439
236	0.461939766255643 -0.191341716182545 0.866025403784439
237	0.5 -9.18485099360515e-17 0.866025403784439
238	0.461939766255643 0.191341716182545 0.866025403784439
239	0.353553390593274 0.353553390593274 0.866025403784439
240	0.191341716182545 0.461939766255643 0.866025403784439
241	-0.0 0.5 -0.866025403784439
242	-0.191341716182545 0.461939766255643 -0.866025403784439
243	-0.353553390593274 0.353553390593274 -0.866025403784439
244	-0.461939766255643 0.191341716182545 -0.866025403784439
245	-0.5 3.06161699786838e-17 -0.866025403784439
246	-0.461939766255643 -0.191341716182545 -0.866025403784439
247	-0.353553390593274 -0.353553390593274 -0.866025403784439
248	-0.191341716182545 -0.461939766255643 -0.866025403784439
249	-6.12323399573677e-17 -0.5 -0.866025403784439
250	0.191341716182545 -0.461939766255644 -0.866025403784439
251	0.353553390593274 -0.353553390593274 -0.866025403784439
252	0.461939766255643 -0.191341716182545 -0.866025403784439
253	0.5 -9.18485099360515e-17 -0.866025403784439
254	0.461939766255643 0.191341716182545 -0.866025403784439
255	0.353553390593274 0.353553390593274 -0.866025403784439
256	0.191341716182545 0.461939766255643 -0.866025403784439
257	-0.0 0.866025403784439 -0.5
258	-0.331413574035592 0.800103145191266 -0.5
259	-0.612372435695794 0.612372435695795 -0.5
260	-0.800103145191266 0.331413574035592 -0.5
261	-0.866025403784439 5.30287619362453e-17 -0.5
262	-0.800103145191266 -0.331413574035592 -0.5
263	-0.612372435695795 -0.612372435695794 -0.5
264	-0.331413574035592 -0.800103145191266 -0.5
265	-1.06057523872491e-16 -0.866025403784439 -0.5
266	0.331413574035592 -0.800103145191266 -0.5
267	0.612372435695794 -0.612372435695795 -0.5
268	0.800103145191265 -0.331413574035592 -0.5
269	0.866025403784439 -1.59086285808736e-16 -0.5
270	0.800103145191265 0.331413574035592 -0.5
271	0.612372435695795 0.612372435695794 -0.5
272	0.331413574035592 0.800103145191265 -0.5
273	-0.0 1.0 0.0
274	-0.38268343236509 0.923879532511287 0.0
275	-0.707106781186547 0.707106781186548 0.0
276	-0.923879532511287 0.38268343236509 0.0
277	-1.0 6.12323399573677e-17 0.0
278	-0.923879532511287 -0.38268343236509 0.0
279	-0.707106781186548 -0.707106781186547 0.0
280	-0.38268343236509 -0.923879532511287 0.0
281	-1.22464679914735e-16 -1.0 0.0
282	0.38268343236509 -0.923879532511287 0.0
283	0.707106781186547 -0.707106781186548 0.0
284	0.923879532511287 -0.38268343236509 0.0
285	1.0 -1.83697019872103e-16 0.0
286	0.923879532511287 0.38268343236509 0.0
287	0.707106781186548 0.707106781186547 0.0
288	0.38268343236509 0.923879532511287 0.0
289	-0.0 0.866025403784439 0.5
290	-0.331413574035592 0.800103145191265 0.5
291	-0.612372435695794 0.612372435695795 0.5
292	-0.800103145191265 0.331413574035592 0.5
293	-0.866025403784439 5.30287619362453e-17 0.5
294	-0.800103145191265 -0.331413574035592 0.5
295	-0.612372435695795 -0.612372435695794 0.5
296	-0.331413574035592 -0.800103145191265 0.5
297	-1.06057523872491e-16 -0.866025403784439 0.5
298	0.331413574035592 -0.800103145191266 0.5
299	0.612372435695794 -0.612372435695795 0.5
300	0.800103145191265 -0.331413574035592 0.5
301	0.866025403784439 -1.59086285808736e-16 0.5
302	0.800103145191265 0.331413574035592 0.5
303	0.612372435695795 0.612372435695794 0.5
304	0.331413574035592 0.800103145191265 0.5
305	-0.0 0.5 0.866025403784439
306	-0.191341716182545 0.461939766255643 0.866025403784439
307	-0.353553390593274 0.353553390593274 0.866025403784439
308	-0.461939766255643 0.191341716182545 0.866025403784439
309	-0.5 3.06161699786838e-17 0.866025403784439
310	-0.461939766255643 -0.191341716182545 0.866025403784439
311	-0.353553390593274 -0.353553390593274 0.866025403784439
312	-0.191341716182545 -0.461939766255643 0.866025403784439
313	-6.12323399573677e-17 -0.5 0.866025403784439
314	0.191341716182545 -0.461939766255644 0.866025403784439
315	0.353553390593274 -0.353553390593274 0.866025403784439
316	0.461939766255643 -0.191341716182545 0.866025403784439
317	0.5 -9.18485099360515e-17 0.866025403784439
318	0.461939766255643 0.191341716182545 0.866025403784439
319	0.353553390593274 0.353553390593274 0.866025403784439
320	0.191341716182545 0.461939766255643 0.866025403784439
321	-0.0 0.5 -0.866025403784439
322	-0.191341716182545 0.461939766255643 -0.866025403784439
323	-0.353553390593274 0.353553390593274 -0.866025403784439
324	-0.461939766255643 0.191341716182545 -0.866025403784439
325	-0.5 3.06161699786838e-17 -0.866025403784439
326	-0.461939766255643 -0.191341716182545 -0.866025403784439
327	-0.353553390593274 -0.353553390593274 -0.866025403784439
328	-0.191341716182545 -0.461939766255643 -0.866025403784439
329	-6.12323399573677e-17 -0.5 -0.866025403784439
330	0.191341716182545 -0.461939766255644 -0.866025403784439
331	0.353553390593274 -0.353553390593274 -0.866025403784439
332	0.461939766255643 -0.191341716182545 -0.866025403784439
333	0.5 -9.18485099360515e-17 -0.866025403784439
334	0.461939766255643 0.191341716182545 -0.866025403784439
335	0.353553390593274 0.353553390593274 -0.866025403784439
336	0.191341716182545 0.461939766255643 -0.866025403784439
337	-0.0 0.866025403784439 -0.5
338	-0.331413574035592 0.800103145191266 -0.5
339	-0.612372435695794 0.612372435695795 -0.5
340	-0.800103145191266 0.331413574035592 -0.5
341	-0.866025403784439 5.30287619362453e-17 -0.5
342	-0.800103145191266 -0.331413574035592 -0.5
343	-0.612372435695795 -0.612372435695794 -0.5
344	-0.331413574035592 -0.800103145191266 -0.5
345	-1.06057523872491e-16 -0.866025403784439 -0.5
346	0.331413574035592 -0.800103145191266 -0.5
347	0.612372435695794 -0.612372435695795 -0.5
348	0.800103145191265 -0.331413574035592 -0.5
349	0.866025403784439 -1.59086285808736e-16 -0.5
350	0.800103145191265 0.331413574035592 -0.5
351	0.612372435695795 0.612372435695794 -0.5
352	0.331413574035592 0.800103145191265 -0.5
353	-0.0 1.0 0.0
354	-0.38268343236509 0.923879532511287 0.0
355	-0.707106781186547 0.707106781186548 0.0
356	-0.923879532511287 0.38268343236509 0.0
357	-1.0 6.12323399573677e-17 0.0
358	-0.923879532511287 -0.38268343236509 0.0
359	-0.707106781186548 -0.707106781186547 0.0
360	-0.38268343236509 -0.923879532511287 0.0
361	-1.22464679914735e-16 -1.0 0.0
362	0.38268343236509 -0.923879532511287 0.0
363	0.707106781186547 -0.707106781186548 0.0
364	0.923879532511287 -0.38268343236509 0.0
365	1.0 -1.83697019872103e-16 0.0
366	0.923879532511287 0.38268343236509 0.0
367	0.707106781186548 0.707106781186547 0.0
368	0.38268343236509 0.923879532511287 0.0
369	-0.0 0.866025403784439 0.5
370	-0.331413574035592 0.800103145191265 0.5
371	-0.612372435695794 0.612372435695795 0.5
372	-0.800103145191265 0.331413574035592 0.5
373	-0.866025403784439 5.30287619362453e-17 0.5
374	-0.800103145191265 -0.331413574035592 0.5
375	-0.612372435695795 -0.612372435695794 0.5
376	-0.331413574035592 -0.800103145191265 0.5
377	-1.06057523872491e-16 -0.866025403784439 0.5
378	0.331413574035592 -0.800103145191266 0.5
379	0.612372435695794 -0.612372435695795 0.5
380	0.800103145191265 -0.331413574035592 0.5
381	0.866025403784439 -1.59086285808736e-16 0.5
382	0.800103145191265 0.331413574035592 0.5
383	0.612372435695795 0.612372435695794 0.5
384	0.331413574035592 0.800103145191265 0.5
385	-0.0 0.5 0.866025403784439
386	-0.191341716182545 0.461939766255643 0.866025403784439
387	-0.353553390593274 0.353553390593274 0.866025403784439
388	-0.461939766255643 0.191341716182545 0.866025403784439
389	-0.5 3.06161699786838e-17 0.866025403784439
390	-0.461939766255643 -0.191341716182545 0.866025403784439
391	-0.353553390593274 -0.353553390593274 0.866025403784439
392	-0.191341716182545 -0.461939766255643 0.866025403784439
393	-6.12323399573677e-17 -0.5 0.866025403784439
394	0.191341716182545 -0.461939766255644 0.866025403784439
395	0.353553390593274 -0.353553390593274 0.866025403784439
396	0.461939766255643 -0.191341716182545 0.866025403784439
397	0.5 -9.18485099360515e-17 0.866025403784439
398	0.461939766255643 0.191341716182545 0.866025403784439
399	0.353553390593274 0.353553390593274 0.866025403784439
400	0.191341716182545 0.461939766255643 0.866025403784439
401	-0.0 0.5 -0.866025403784439
402	-0.191341716182545 0.461939766255643 -0.866025403784439
403	-0.353553390593274 0.353553390593274 -0.866025403784439
404	-0.461939766255643 0.191341716182545 -0.866025403784439
405	-0.5 3.06161699786838e-17 -0.866025403784439
406	-0.461939766255643 -0.191341716182545 -0.866025403784439
407	-0.353553390593274 -0.353553390593274 -0.866025403784439
408	-0.191341716182545 -0.461939766255643 -0.866025403784439
409	-6.12323399573677e-17 -0.5 -0.866025403784439
410	0.191341716182545 -0.461939766255644 -0.866025403784439
411	0.353553390593274 -0.353553390593274 -0.866025403784439
412	0.461939766255643 -0.191341716182545 -0.866025403784439
413	0.5 -9.18485099360515e-17 -0.866025403784439
414	0.461939766255643 0.191341716182545 -0.866025403784439
415	0.353553390593274 0.353553390593274 -0.866025403784439
416	0.191341716182545 0.461939766255643 -0.866025403784439
417	-0.0 0.866025403784439 -0.5
418	-0.331413574035592 0.800103145191266 -0.5
419	-0.612372435695794 0.612372435695795 -0.5
420	-0.800103145191266 0.331413574035592 -0.5
421	-0.866025403784439 5.30287619362453e-17 -0.5
422	-0.800103145191266 -0.331413574035592 -0.5
423	-0.612372435695795 -0.612372435695794 -0.5
424	-0.331413574035592 -0.800103145191266 -0.5
425	-1.06057523872491e-16 -0.866025403784439 -0.5
426	0.331413574035592 -0.800103145191266 -0.5
427	0.612372435695794 -0.612372435695795 -0.5
428	0.800103145191265 -0.331413574035592 -0.5
429	0.866025403784439 -1.59086285808736e-16 -0.5
430	0.800103145191265 0.331413574035592 -0.5
431	0.612372435695795 0.612372435695794 -0.5
432	0.331413574035592 0.800103145191265 -0.5
433	-0.0 1.0 0.0
434	-0.38268343236509 0.923879532511287 0.0
435	-0.707106781186547 0.707106781186548 0.0
436	-0.923879532511287 0.38268343236509 0.0
437	-1.0 6.12323399573677e-17 0.0
438	-0.923879532511287 -0.38268343236509 0.0
439	-0.707106781186548 -0.707106781186547 0.0
440	-0.38268343236509 -0.923879532511287 0.0
441	-1.22464679914735e-16 -1.0 0.0
442	0.38268343236509 -0.923879532511287 0.0
443	0.707106781186547 -0.707106781186548 0.0
444	0.923879532511287 -0.38268343236509 0.0
445	1.0 -1.83697019872103e-16 0.0
446	0.923879532511287 0.38268343236509 0.0
447	0.707106781186548 0.707106781186547 0.0
448	0.38268343236509 0.923879532511287 0.0
449	-0.0 0.866025403784439 0.5
450	-0.331413574035592 0.800103145191265 0.5
451	-0.612372435695794 0.612372435695795 0.5
452	-0.800103145191265 0.331413574035592 0.5
453	-0.866025403784439 5.30287619362453e-17 0.5
454	-0.800103145191265 -0.331413574035592 0.5
455	-0.612372435695795 -0.612372435695794 0.5
456	-0.331413574035592 -0.800103145191265 0.5
457	-1.06057523872491e-16 -0.866025403784439 0.5
458	0.331413574035592 -0.800103145191266 0.5
459	0.612372435695794 -0.612372435695795 0.5
460	0.800103145191265 -0.331413574035592 0.5
461	0.866025403784439 -1.59086285808736e-16 0.5
462	0.800103145191265 0.331413574035592 0.5
463	0.612372435695795 0.612372435695794 0.5
464	0.331413574035592 0.800103145191265 0.5
465	-0.0 0.5 0.866025403784439
466	-0.191341716182545 0.461939766255643 0.866025403784439
467	-0.353553390593274 0.353553390593274 0.866025403784439
468	-0.461939766255643 0.191341716182545 0.866025403784439
469	-0.5 3.06161699786838e-17 0.866025403784439
470	-0.461939766255643 -0.191341716182545 0.866025403784439
471	-0.353553390593274 -0.353553390593274 0.866025403784439
472	-0.191341716182545 -0.461939766255643 0.866025403784439
473	-6.12323399573677e-17 -0.5 0.866025403784439
474	0.191341716182545 -0.461939766255644 0.866025403784439
475	0.353553390593274 -0.353553390593274 0.866025403784439
476	0.461939766255643 -0.191341716182545 0.866025403784439
477	0.5 -9.18485099360515e-17 0.866025403784439
478	0.461939766255643 0.191341716182545 0.866025403784439
479	0.353553390593274 0.353553390593274 0.866025403784439
480	0.191341716182545 0.461939766255643 0.866025403784439
481	-0.0 0.5 -0.866025403784439
482	-0.191341716182545 0.461939766255643 -0.866025403784439
483	-0.353553390593274 0.353553390593274 -0.866025403784439
484	-0.461939766255643 0.191341716182545 -0.866025403784439
485	-0.5 3.06161699786838e-17 -0.866025403784439
486	-0.461939766255643 -0.191341716182545 -0.866025403784439
487	-0.353553390593274 -0.353553390593274 -0.866025403784439
488	-0.191341716182545 -0.461939766255643 -0.866025403784439
489	-6.12323399573677e-17 -0.5 -0.866025403784439
490	0.191341716182545 -0.461939766255644 -0.866025403784439
491	0.353553390593274 -0.353553390593274 -0.866025403784439
492	0.461939766255643 -0.191341716182545 -0.866025403784439
493	0.5 -9.18485099360515e-17 -0.866025403784439
494	0.461939766255643 0.191341716182545 -0.866025403784439
495	0.353553390593274 0.353553390593274 -0.866025403784439
496	0.191341716182545 0.461939766255643 -0.866025403784439
497	-0.0 0.866025403784439 -0.5
498	-0.331413574035592 0.800103145191266 -0.5
499	-0.612372435695794 0.612372435695795 -0.5
500	-0.800103145191266 0.331413574035592 -0.5
501	-0.866025403784439 5.30287619362453e-17 -0.5
502	-0.800103145191266 -0.331413574035592 -0.5
503	-0.612372435695795 -0.612372435695794 -0.5
504	-0.331413574035592 -0.800103145191266 -0.5
505	-1.06057523872491e-16 -0.866025403784439 -0.5
506	0.331413574035592 -0.800103145191266 -0.5
507	0.612372435695794 -0.612372435695795 -0.5
508	0.800103145191265 -0.331413574035592 -0.5
509	0.866025403784439 -1.59086285808736e-16 -0.5
510	0.800103145191265 0.331413574035592 -0.5
511	0.612372435695795 0.612372435695794 -0.5
512	0.331413574035592 0.800103145191265 -0.5
513	-0.0 1.0 0.0
514	-0.38268343236509 0.923879532511287 0.0
515	-0.707106781186547 0.707106781186548 0.0
516	-0.923879532511287 0.38268343236509 0.0
517	-1.0 6.12323399573677e-17 0.0
518	-0.923879532511287 -0.38268343236509 0.0
519	-0.707106781186548 -0.707106781186547 0.0
520	-0.38268343236509 -0.923879532511287 0.0
521	-1.22464679914735e-16 -1.0 0.0
522	0.38268343236509 -0.923879532511287 0.0
523	0.707106781186547 -0.707106781186548 0.0
524	0.923879532511287 -0.38268343236509 0.0
525	1.0 -1.83697019872103e-16 0.0
526	0.923879532511287 0.38268343236509 0.0
527	0.707106781186548 0.707106781186547 0.0
528	0.38268343236509 0.923879532511287 0.0
529	-0.0 0.866025403784439 0.5
530	-0.331413574035592 0.800103145191265 0.5
531	-0.612372435695794 0.612372435695795 0.5
532	-0.800103145191265 0.331413574035592 0.5
533	-0.866025403784439 5.30287619362453e-17 0.5
534	-0.800103145191265 -0.331413574035592 0.5
535	-0.612372435695795 -0.612372435695794 0.5
536	-0.331413574035592 -0.800103145191265 0.5
537	-1.06057523872491e-16 -0.866025403784439 0.5
538	0.331413574035592 -0.800103145191266 0.5
539	0.612372435695794 -0.612372435695795 0.5
540	0.800103145191265 -0.331413574035592 0.5
541	0.866025403784439 -1.59086285808736e-16 0.5
542	0.800103145191265 0.331413574035592 0.5
543	0.612372435695795 0.612372435695794 0.5
544	0.331413574035592 0.800103145191265 0.5
545	-0.0 0.5 0.866025403784439
546	-0.191341716182545 0.461939766255643 0.866025403784439
547	-0.353553390593274 0.353553390593274 0.866025403784439
548	-0.461939766255643 0.191341716182545 0.866025403784439
549	-0.5 3.06161699786838e-17 0.866025403784439
550	-0.461939766255643 -0.191341716182545 0.866025403784439
551	-0.353553390593274 -0.353553390593274 0.866025403784439
552	-0.191341716182545 -0.461939766255643 0.866025403784439
553	-6.12323399573677e-17 -0.5 0.866025403784439
554	0.191341716182545 -0.461939766255644 0.866025403784439
555	0.353553390593274 -0.353553390593274 0.866025403784439
556	0.461939766255643 -0.191341716182545 0.866025403784439
557	0.5 -9.18485099360515e-17 0.866025403784439
558	0.461939766255643 0.191341716182545 0.866025403784439
559	0.353553390593274 0.353553390593274 0.866025403784439
560	0.191341716182545 0.461939766255643 0.866025403784439
561	-0.0 0.5 -0.866025403784439
562	-0.191341716182545 0.461939766255643 -0.866025403784439
563	-0.353553390593274 0.353553390593274 -0.866025403784439
564	-0.461939766255643 0.191341716182545 -0.866025403784439
565	-0.5 3.06161699786838e-17 -0.866025403784439
566	-0.461939766255643 -0.191341716182545 -0.866025403784439
567	-0.353553390593274 -0.353553390593274 -0.866025403784439
568	-0.191341716182545 -0.461939766255643 -0.866025403784439
569	-6.12323399573677e-17 -0.5 -0.866025403784439
570	0.191341716182545 -0.461939766255644 -0.866025403784439
571	0.353553390593274 -0.353553390593274 -0.866025403784439
572	0.461939766255643 -0.191341716182545 -0.866025403784439
573	0.5 -9.18485099360515e-17 -0.866025403784439
574	0.461939766255643 0.191341716182545 -0.866025403784439
575	0.353553390593274 0.353553390593274 -0.866025403784439
576	0.191341716182545 0.461939766255643 -0.866025403784439
577	-0.0 0.866025403784439 -0.5
578	-0.331413574035592 0.800103145191266 -0.5
579	-0.612372435695794 0.612372435695795 -0.5
580	-0.800103145191266 0.331413574035592 -0.5
581	-0.866025403784439 5.30287619362453e-17 -0.5
582	-0.800103145191266 -0.331413574035592 -0.5
583	-0.612372435695795 -0.612372435695794 -0.5
584	-0.331413574035592 -0.800103145191266 -0.5
585	-1.06057523872491e-16 -0.866025403784439 -0.5
586	0.331413574035592 -0.800103145191266 -0.5
587	0.612372435695794 -0.612372435695795 -0.5
588	0.800103145191265 -0.331413574035592 -0.5
589	0.866025403784439 -1.59086285808736e-16 -0.5
590	0.800103145191265 0.331413574035592 -0.5
591	0.612372435695795 0.612372435695794 -0.5
592	0.331413574035592 0.800103145191265 -0.5
593	-0.0 1.0 0.0
594	-0.38268343236509 0.923879532511287 0.0
595	-0.707106781186547 0.707106781186548 0.0
596	-0.923879532511287 0.38268343236509 0.0
597	-1.0 6.12323399573677e-17 0.0
598	-0.923879532511287 -0.38268343236509 0.0
599	-0.707106781186548 -0.707106781186547 0.0
600	-0.38268343236509 -0.923879532511287 0.0
601	-1.22464679914735e-16 -1.0 0.0
602	0.38268343236509 -0.923879532511287 0.0
603	0.707106781186547 -0.707106781186548 0.0
604	0.923879532511287 -0.38268343236509 0.0
605	1.0 -1.83697019872103e-16 0.0
606	0.923879532511287 0.38268343236509 0.0
607	0.707106781186548 0.707106781186547 0.0
608	0.38268343236509 0.923879532511287 0.0
609	-0.0 0.866025403784439 0.5
610	-0.331413574035592 0.800103145191265 0.5
611	-0.612372435695794 0.612372435695795 0.5
612	-0.800103145191265 0.331413574035592 0.5
613	-0.866025403784439 5.30287619362453e-17 0.5
614	-0.800103145191265 -0.331413574035592 0.5
615	-0.612372435695795 -0.612372435695794 0.5
616	-0.331413574035592 -0.800103145191265 0.5
617	-1.06057523872491e-16 -0.866025403784439 0.5
618	0.331413574035592 -0.800103145191266 0.5
619	0.612372435695794 -0.612372435695795 0.5
620	0.800103145191265 -0.331413574035592 0.5
621	0.866025403784439 -1.59086285808736e-16 0.5
622	0.800103145191265 0.331413574035592 0.5
623	0.612372435695795 0.612372435695794 0.5
624	0.331413574035592 0.800103145191265 0.5
625	-0.0 0.5 0.866025403784439
626	-0.191341716182545 0.461939766255643 0.866025403784439
627	-0.353553390593274 0.353553390593274 0.866025403784439
628	-0.461939766255643 0.191341716182545 0.866025403784439
629	-0.5 3.06161699786838e-17 0.866025403784439
630	-0.461939766255643 -0.191341716182545 0.866025403784439
631	-0.353553390593274 -0.353553390593274 0.866025403784439
632	-0.191341716182545 -0.461939766255643 0.866025403784439
633	-6.12323399573677e-17 -0.5 0.866025403784439
634	0.191341716182545 -0.461939766255644 0.866025403784439
635	0.353553390593274 -0.353553390593274 0.866025403784439
636	0.461939766255643 -0.191341716182545 0.866025403784439
637	0.5 -9.18485099360515e-17 0.866025403784439
638	0.461939766255643 0.191341716182545 0.866025403784439
639	0.353553390593274 0.353553390593274 0.866025403784439
640	0.191341716182545 0.461939766255643 0.866025403784439
641	-0.0 0.5 -0.866025403784439
642	-0.191341716182545 0.461939766255643 -0.866025403784439
643	-0.353553390593274 0.353553390593274 -0.866025403784439
644	-0.461939766255643 0.191341716182545 -0.866025403784439
645	-0.5 3.06161699786838e-17 -0.866025403784439
646	-0.461939766255643 -0.191341716182545 -0.866025403784439
647	-0.353553390593274 -0.353553390593274 -0.866025403784439
648	-0.191341716182545 -0.461939766255643 -0.866025403784439
649	-6.12323399573677e-17 -0.5 -0.866025403784439
650	0.191341716182545 -0.461939766255644 -0.866025403784439
651	0.353553390593274 -0.353553390593274 -0.866025403784439
652	0.461939766255643 -0.191341716182545 -0.866025403784439
653	0.5 -9.18485099360515e-17 -0.866025403784439
654	0.461939766255643 0.191341716182545 -0.866025403784439
655	0.353553390593274 0.353553390593274 -0.866025403784439
656	0.191341716182545 0.461939766255643 -0.866025403784439
657	-0.0 0.866025403784439 -0.5
658	-0.331413574035592 0.800103145191266 -0.5
659	-0.612372435695794 0.612372435695795 -0.5
660	-0.800103145191266 0.331413574035592 -0.5
661	-0.866025403784439 5.30287619362453e-17 -0.5
662	-0.800103145191266 -0.331413574035592 -0.5
663	-0.612372435695795 -0.612372435695794 -0.5
664	-0.331413574035592 -0.800103145191266 -0.5
665	-1.06057523872491e-16 -0.866025403784439 -0.5
666	0.331413574035592 -0.800103145191266 -0.5
667	0.612372435695794 -0.612372435695795 -0.5
668	0.800103145191265 -0.331413574035592 -0.5
669	0.866025403784439 -1.59086285808736e-16 -0.5
670	0.800103145191265 0.331413574035592 -0.5
671	0.612372435695795 0.612372435695794 -0.5
672	0.331413574035592 0.800103145191265 -0.5
673	-0.0 1.0 0.0
674	-0.38268343236509 0.923879532511287 0.0
675	-0.707106781186547 0.707106781186548 0.0
676	-0.923879532511287 0.38268343236509 0.0
677	-1.0 6.12323399573677e-17 0.0
678	-0.923879532511287 -0.38268343236509 0.0
679	-0.707106781186548 -0.707106781186547 0.0
680	-0.38268343236509 -0.923879532511287 0.0
681	-1.22464679914735e-16 -1.0 0.0
682	0.38268343236509 -0.923879532511287 0.0
683	0.707106781186547 -0.707106781186548 0.0
684	0.923879532511287 -0.38268343236509 0.0
685	1.0 -1.83697019872103e-16 0.0
686	0.923879532511287 0.38268343236509 0.0
687	0.707106781186548 0.707106781186547 0.0
688	0.38268343236509 0.923879532511287 0.0
689	-0.0 0.866025403784439 0.5
690	-0.331413574035592 0.800103145191265 0.5
691	-0.612372435695794 0.612372435695795 0.5
692	-0.800103145191265 0.331413574035592 0.5
693	-0.866025403784439 5.30287619362453e-17 0.5
694	-0.800103145191265 -0.331413574035592 0.5
695	-0.612372435695795 -0.612372435695794 0.5
696	-0.331413574035592 -0.800103145191265 0.5
697	-1.06057523872491e-16 -0.866025403784439 0.5
698	0.331413574035592 -0.800103145191266 0.5
699	0.612372435695794 -0.612372435695795 0.5
700	0.800103145191265 -0.331413574035592 0.5
701	0.866025403784439 -1.59086285808736e-16 0.5
702	0.800103145191265 0.331413574035592 0.5
703	0.612372435695795 0.612372435695794 0.5
704	0.331413574035592 0.800103145191265 0.5
705	-0.0 0.5 0.866025403784439
706	-0.191341716182545 0.461939766255643 0.866025403784439
707	-0.353553390593274 0.353553390593274 0.866025403784439
708	-0.461939766255643 0.191341716182545 0.866025403784439
709	-0.5 3.06161699786838e-17 0.866025403784439
710	-0.461939766255643 -0.191341716182545 0.866025403784439
711	-0.353553390593274 -0.353553390593274 0.866025403784439
712	-0.191341716182545 -0.461939766255643 0.866025403784439
713	-6.12323399573677e-17 -0.5 0.866025403784439
714	0.191341716182545 -0.461939766255644 0.866025403784439
715	0.353553390593274 -0.353553390593274 0.866025403784439
716	0.461939766255643 -0.191341716182545 0.866025403784439
717	0.5 -9.18485099360515e-17 0.866025403784439
718	0.461939766255643 0.191341716182545 0.866025403784439
719	0.353553390593274 0.353553390593274 0.866025403784439
720	0.191341716182545 0.461939766255643 0.866025403784439
