number_of_elements
2
topology
1	1 2 3 5 6 7 9 10 11 13 14 15 17 18 19 21 22 23 25 26 27 29 30 31 33 34 35
2	3 4 1 7 8 5 11 12 9 15 16 13 19 20 17 23 24 21 27 28 25 31 32 29 35 36 33
nodes
3
1	40.0 0.0 0.0
2	2.44929359829471e-15 40.0 0.0
3	-40.0 4.89858719658941e-15 0.0
4	-7.34788079488412e-15 -40.0 0.0
5	35.0 0.0 0.0
6	2.14313189850787e-15 35.0 0.0
7	-35.0 4.28626379701574e-15 0.0
8	-6.4293956955236e-15 -35.0 0.0
9	30.0 0.0 0.0
10	1.83697019872103e-15 30.0 0.0
11	-30.0 3.67394039744206e-15 0.0
12	-5.51091059616309e-15 -30.0 0.0
13	40.0 0.0 30.0
14	2.44929359829471e-15 40.0 30.0
15	-40.0 4.89858719658941e-15 30.0
16	-7.34788079488412e-15 -40.0 30.0
17	35.0 0.0 30.0
18	2.14313189850787e-15 35.0 30.0
19	-35.0 4.28626379701574e-15 30.0
20	-6.4293956955236e-15 -35.0 30.0
21	30.0 0.0 30.0
22	1.83697019872103e-15 30.0 30.0
23	-30.0 3.67394039744206e-15 30.0
24	-5.51091059616309e-15 -30.0 30.0
25	40.0 0.0 60.0
26	2.44929359829471e-15 40.0 60.0
27	-40.0 4.89858719658941e-15 60.0
28	-7.34788079488412e-15 -40.0 60.0
29	35.0 0.0 60.0
30	2.14313189850787e-15 35.0 60.0
31	-35.0 4.28626379701574e-15 60.0
32	-6.4293956955236e-15 -35.0 60.0
33	30.0 0.0 60.0
34	1.83697019872103e-15 30.0 60.0
35	-30.0 3.67394039744206e-15 60.0
36	-5.51091059616309e-15 -30.0 60.0
fixed_nodes
15
25  3  0
26  3  0
27  3  0
28  3  0
29  3  0
30  3  0
31  3  0
32  3  0
33  3  0
34  3  0
35  3  0
36  3  0
25  1  0
25  2  0
27  2  0 
traction_forces
0 0
fibers
1	-0.0 0.5 -0.866025403784439
2	-0.5 3.06161699786838e-17 -0.866025403784439
3	-6.12323399573677e-17 -0.5 -0.866025403784439
4	0.5 -9.18485099360515e-17 -0.866025403784439
5	-0.0 1.0 0.0
6	-1.0 6.12323399573677e-17 0.0
7	-1.22464679914735e-16 -1.0 0.0
8	1.0 -1.83697019872103e-16 0.0
9	-0.0 0.5 0.866025403784439
10	-0.5 3.06161699786838e-17 0.866025403784439
11	-6.12323399573677e-17 -0.5 0.866025403784439
12	0.5 -9.18485099360515e-17 0.866025403784439
13	-0.0 0.5 -0.866025403784439
14	-0.5 3.06161699786838e-17 -0.866025403784439
15	-6.12323399573677e-17 -0.5 -0.866025403784439
16	0.5 -9.18485099360515e-17 -0.866025403784439
17	-0.0 1.0 0.0
18	-1.0 6.12323399573677e-17 0.0
19	-1.22464679914735e-16 -1.0 0.0
20	1.0 -1.83697019872103e-16 0.0
21	-0.0 0.5 0.866025403784439
22	-0.5 3.06161699786838e-17 0.866025403784439
23	-6.12323399573677e-17 -0.5 0.866025403784439
24	0.5 -9.18485099360515e-17 0.866025403784439
25	-0.0 0.5 -0.866025403784439
26	-0.5 3.06161699786838e-17 -0.866025403784439
27	-6.12323399573677e-17 -0.5 -0.866025403784439
28	0.5 -9.18485099360515e-17 -0.866025403784439
29	-0.0 1.0 0.0
30	-1.0 6.12323399573677e-17 0.0
31	-1.22464679914735e-16 -1.0 0.0
32	1.0 -1.83697019872103e-16 0.0
33	-0.0 0.5 0.866025403784439
34	-0.5 3.06161699786838e-17 0.866025403784439
35	-6.12323399573677e-17 -0.5 0.866025403784439
36	0.5 -9.18485099360515e-17 0.866025403784439
