number_of_elements
64
topology
1	1 2 3 17 18 19 33 34 35 81 82 83 97 98 99 113 114 115 161 162 163 177 178 179 193 194 195
2	3 4 5 19 20 21 35 36 37 83 84 85 99 100 101 115 116 117 163 164 165 179 180 181 195 196 197
3	5 6 7 21 22 23 37 38 39 85 86 87 101 102 103 117 118 119 165 166 167 181 182 183 197 198 199
4	7 8 9 23 24 25 39 40 41 87 88 89 103 104 105 119 120 121 167 168 169 183 184 185 199 200 201
5	9 10 11 25 26 27 41 42 43 89 90 91 105 106 107 121 122 123 169 170 171 185 186 187 201 202 203
6	11 12 13 27 28 29 43 44 45 91 92 93 107 108 109 123 124 125 171 172 173 187 188 189 203 204 205
7	13 14 15 29 30 31 45 46 47 93 94 95 109 110 111 125 126 127 173 174 175 189 190 191 205 206 207
8	15 16 1 31 32 17 47 48 33 95 96 81 111 112 97 127 128 113 175 176 161 191 192 177 207 208 193
9	33 34 35 49 50 51 65 66 67 113 114 115 129 130 131 145 146 147 193 194 195 209 210 211 225 226 227
10	35 36 37 51 52 53 67 68 69 115 116 117 131 132 133 147 148 149 195 196 197 211 212 213 227 228 229
11	37 38 39 53 54 55 69 70 71 117 118 119 133 134 135 149 150 151 197 198 199 213 214 215 229 230 231
12	39 40 41 55 56 57 71 72 73 119 120 121 135 136 137 151 152 153 199 200 201 215 216 217 231 232 233
13	41 42 43 57 58 59 73 74 75 121 122 123 137 138 139 153 154 155 201 202 203 217 218 219 233 234 235
14	43 44 45 59 60 61 75 76 77 123 124 125 139 140 141 155 156 157 203 204 205 219 220 221 235 236 237
15	45 46 47 61 62 63 77 78 79 125 126 127 141 142 143 157 158 159 205 206 207 221 222 223 237 238 239
16	47 48 33 63 64 49 79 80 65 127 128 113 143 144 129 159 160 145 207 208 193 223 224 209 239 240 225
17	161 162 163 177 178 179 193 194 195 241 242 243 257 258 259 273 274 275 321 322 323 337 338 339 353 354 355
18	163 164 165 179 180 181 195 196 197 243 244 245 259 260 261 275 276 277 323 324 325 339 340 341 355 356 357
19	165 166 167 181 182 183 197 198 199 245 246 247 261 262 263 277 278 279 325 326 327 341 342 343 357 358 359
20	167 168 169 183 184 185 199 200 201 247 248 249 263 264 265 279 280 281 327 328 329 343 344 345 359 360 361
21	169 170 171 185 186 187 201 202 203 249 250 251 265 266 267 281 282 283 329 330 331 345 346 347 361 362 363
22	171 172 173 187 188 189 203 204 205 251 252 253 267 268 269 283 284 285 331 332 333 347 348 349 363 364 365
23	173 174 175 189 190 191 205 206 207 253 254 255 269 270 271 285 286 287 333 334 335 349 350 351 365 366 367
24	175 176 161 191 192 177 207 208 193 255 256 241 271 272 257 287 288 273 335 336 321 351 352 337 367 368 353
25	193 194 195 209 210 211 225 226 227 273 274 275 289 290 291 305 306 307 353 354 355 369 370 371 385 386 387
26	195 196 197 211 212 213 227 228 229 275 276 277 291 292 293 307 308 309 355 356 357 371 372 373 387 388 389
27	197 198 199 213 214 215 229 230 231 277 278 279 293 294 295 309 310 311 357 358 359 373 374 375 389 390 391
28	199 200 201 215 216 217 231 232 233 279 280 281 295 296 297 311 312 313 359 360 361 375 376 377 391 392 393
29	201 202 203 217 218 219 233 234 235 281 282 283 297 298 299 313 314 315 361 362 363 377 378 379 393 394 395
30	203 204 205 219 220 221 235 236 237 283 284 285 299 300 301 315 316 317 363 364 365 379 380 381 395 396 397
31	205 206 207 221 222 223 237 238 239 285 286 287 301 302 303 317 318 319 365 366 367 381 382 383 397 398 399
32	207 208 193 223 224 209 239 240 225 287 288 273 303 304 289 319 320 305 367 368 353 383 384 369 399 400 385
33	321 322 323 337 338 339 353 354 355 401 402 403 417 418 419 433 434 435 481 482 483 497 498 499 513 514 515
34	323 324 325 339 340 341 355 356 357 403 404 405 419 420 421 435 436 437 483 484 485 499 500 501 515 516 517
35	325 326 327 341 342 343 357 358 359 405 406 407 421 422 423 437 438 439 485 486 487 501 502 503 517 518 519
36	327 328 329 343 344 345 359 360 361 407 408 409 423 424 425 439 440 441 487 488 489 503 504 505 519 520 521
37	329 330 331 345 346 347 361 362 363 409 410 411 425 426 427 441 442 443 489 490 491 505 506 507 521 522 523
38	331 332 333 347 348 349 363 364 365 411 412 413 427 428 429 443 444 445 491 492 493 507 508 509 523 524 525
39	333 334 335 349 350 351 365 366 367 413 414 415 429 430 431 445 446 447 493 494 495 509 510 511 525 526 527
40	335 336 321 351 352 337 367 368 353 415 416 401 431 432 417 447 448 433 495 496 481 511 512 497 527 528 513
41	353 354 355 369 370 371 385 386 387 433 434 435 449 450 451 465 466 467 513 514 515 529 530 531 545 546 547
42	355 356 357 371 372 373 387 388 389 435 436 437 451 452 453 467 468 469 515 516 517 531 532 533 547 548 549
43	357 358 359 373 374 375 389 390 391 437 438 439 453 454 455 469 470 471 517 518 519 533 534 535 549 550 551
44	359 360 361 375 376 377 391 392 393 439 440 441 455 456 457 471 472 473 519 520 521 535 536 537 551 552 553
45	361 362 363 377 378 379 393 394 395 441 442 443 457 458 459 473 474 475 521 522 523 537 538 539 553 554 555
46	363 364 365 379 380 381 395 396 397 443 444 445 459 460 461 475 476 477 523 524 525 539 540 541 555 556 557
47	365 366 367 381 382 383 397 398 399 445 446 447 461 462 463 477 478 479 525 526 527 541 542 543 557 558 559
48	367 368 353 383 384 369 399 400 385 447 448 433 463 464 449 479 480 465 527 528 513 543 544 529 559 560 545
49	481 482 483 497 498 499 513 514 515 561 562 563 577 578 579 593 594 595 641 642 643 657 658 659 673 674 675
50	483 484 485 499 500 501 515 516 517 563 564 565 579 580 581 595 596 597 643 644 645 659 660 661 675 676 677
51	485 486 487 501 502 503 517 518 519 565 566 567 581 582 583 597 598 599 645 646 647 661 662 663 677 678 679
52	487 488 489 503 504 505 519 520 521 567 568 569 583 584 585 599 600 601 647 648 649 663 664 665 679 680 681
53	489 490 491 505 506 507 521 522 523 569 570 571 585 586 587 601 602 603 649 650 651 665 666 667 681 682 683
54	491 492 493 507 508 509 523 524 525 571 572 573 587 588 589 603 604 605 651 652 653 667 668 669 683 684 685
55	493 494 495 509 510 511 525 526 527 573 574 575 589 590 591 605 606 607 653 654 655 669 670 671 685 686 687
56	495 496 481 511 512 497 527 528 513 575 576 561 591 592 577 607 608 593 655 656 641 671 672 657 687 688 673
57	513 514 515 529 530 531 545 546 547 593 594 595 609 610 611 625 626 627 673 674 675 689 690 691 705 706 707
58	515 516 517 531 532 533 547 548 549 595 596 597 611 612 613 627 628 629 675 676 677 691 692 693 707 708 709
59	517 518 519 533 534 535 549 550 551 597 598 599 613 614 615 629 630 631 677 678 679 693 694 695 709 710 711
60	519 520 521 535 536 537 551 552 553 599 600 601 615 616 617 631 632 633 679 680 681 695 696 697 711 712 713
61	521 522 523 537 538 539 553 554 555 601 602 603 617 618 619 633 634 635 681 682 683 697 698 699 713 714 715
62	523 524 525 539 540 541 555 556 557 603 604 605 619 620 621 635 636 637 683 684 685 699 700 701 715 716 717
63	525 526 527 541 542 543 557 558 559 605 606 607 621 622 623 637 638 639 685 686 687 701 702 703 717 718 719
64	527 528 513 543 544 529 559 560 545 607 608 593 623 624 609 639 640 625 687 688 673 703 704 689 719 720 705
nodes
3
1	10.0 0.0 0.0
2	9.23879532511287 3.8268343236509 0.0
3	7.07106781186548 7.07106781186547 0.0
4	3.8268343236509 9.23879532511287 0.0
5	6.12323399573677e-16 10.0 0.0
6	-3.8268343236509 9.23879532511287 0.0
7	-7.07106781186547 7.07106781186548 0.0
8	-9.23879532511287 3.8268343236509 0.0
9	-10.0 1.22464679914735e-15 0.0
10	-9.23879532511287 -3.8268343236509 0.0
11	-7.07106781186548 -7.07106781186547 0.0
12	-3.8268343236509 -9.23879532511286 0.0
13	-1.83697019872103e-15 -10.0 0.0
14	3.8268343236509 -9.23879532511287 0.0
15	7.07106781186547 -7.07106781186548 0.0
16	9.23879532511286 -3.8268343236509 0.0
17	8.75 0.0 0.0
18	8.08394590947376 3.34848003319454 0.0
19	6.18718433538229 6.18718433538229 0.0
20	3.34848003319454 8.08394590947376 0.0
21	5.35782974626967e-16 8.75 0.0
22	-3.34848003319454 8.08394590947376 0.0
23	-6.18718433538229 6.18718433538229 0.0
24	-8.08394590947376 3.34848003319454 0.0
25	-8.75 1.07156594925393e-15 0.0
26	-8.08394590947376 -3.34848003319453 0.0
27	-6.18718433538229 -6.18718433538229 0.0
28	-3.34848003319454 -8.08394590947376 0.0
29	-1.6073489238809e-15 -8.75 0.0
30	3.34848003319454 -8.08394590947376 0.0
31	6.18718433538229 -6.18718433538229 0.0
32	8.08394590947376 -3.34848003319454 0.0
33	7.5 0.0 0.0
34	6.92909649383465 2.87012574273817 0.0
35	5.30330085889911 5.30330085889911 0.0
36	2.87012574273817 6.92909649383465 0.0
37	4.59242549680257e-16 7.5 0.0
38	-2.87012574273817 6.92909649383465 0.0
39	-5.30330085889911 5.30330085889911 0.0
40	-6.92909649383465 2.87012574273817 0.0
41	-7.5 9.18485099360515e-16 0.0
42	-6.92909649383465 -2.87012574273817 0.0
43	-5.30330085889911 -5.30330085889911 0.0
44	-2.87012574273818 -6.92909649383465 0.0
45	-1.37772764904077e-15 -7.5 0.0
46	2.87012574273818 -6.92909649383465 0.0
47	5.3033008588991 -5.30330085889911 0.0
48	6.92909649383465 -2.87012574273818 0.0
49	6.25 0.0 0.0
50	5.77424707819554 2.39177145228181 0.0
51	4.41941738241592 4.41941738241592 0.0
52	2.39177145228181 5.77424707819554 0.0
53	3.82702124733548e-16 6.25 0.0
54	-2.39177145228181 5.77424707819554 0.0
55	-4.41941738241592 4.41941738241592 0.0
56	-5.77424707819554 2.39177145228181 0.0
57	-6.25 7.65404249467096e-16 0.0
58	-5.77424707819554 -2.39177145228181 0.0
59	-4.41941738241592 -4.41941738241592 0.0
60	-2.39177145228181 -5.77424707819554 0.0
61	-1.14810637420064e-15 -6.25 0.0
62	2.39177145228181 -5.77424707819554 0.0
63	4.41941738241592 -4.41941738241592 0.0
64	5.77424707819554 -2.39177145228181 0.0
65	5.0 0.0 0.0
66	4.61939766255643 1.91341716182545 0.0
67	3.53553390593274 3.53553390593274 0.0
68	1.91341716182545 4.61939766255643 0.0
69	3.06161699786838e-16 5.0 0.0
70	-1.91341716182545 4.61939766255643 0.0
71	-3.53553390593274 3.53553390593274 0.0
72	-4.61939766255643 1.91341716182545 0.0
73	-5.0 6.12323399573677e-16 0.0
74	-4.61939766255643 -1.91341716182545 0.0
75	-3.53553390593274 -3.53553390593274 0.0
76	-1.91341716182545 -4.61939766255643 0.0
77	-9.18485099360515e-16 -5.0 0.0
78	1.91341716182545 -4.61939766255643 0.0
79	3.53553390593274 -3.53553390593274 0.0
80	4.61939766255643 -1.91341716182545 0.0
81	16.5533008588991 0.0 8.75
82	15.2932558590384 6.3346739896555 8.75
83	11.7049512883487 11.7049512883487 8.75
84	6.3346739896555 15.2932558590384 8.75
85	1.0135973456087e-15 16.5533008588991 8.75
86	-6.3346739896555 15.2932558590384 8.75
87	-11.7049512883487 11.7049512883487 8.75
88	-15.2932558590384 6.3346739896555 8.75
89	-16.5533008588991 2.02719469121739e-15 8.75
90	-15.2932558590384 -6.3346739896555 8.75
91	-11.7049512883487 -11.7049512883487 8.75
92	-6.33467398965551 -15.2932558590384 8.75
93	-3.04079203682609e-15 -16.5533008588991 8.75
94	6.3346739896555 -15.2932558590384 8.75
95	11.7049512883487 -11.7049512883487 8.75
96	15.2932558590384 -6.33467398965551 8.75
97	14.9908008588991 0.0 8.75
98	13.8496940894895 5.73673112658505 8.75
99	10.6000969427447 10.6000969427447 8.75
100	5.73673112658505 13.8496940894895 8.75
101	9.17921814425309e-16 14.9908008588991 8.75
102	-5.73673112658505 13.8496940894895 8.75
103	-10.6000969427447 10.6000969427447 8.75
104	-13.8496940894895 5.73673112658505 8.75
105	-14.9908008588991 1.83584362885062e-15 8.75
106	-13.8496940894895 -5.73673112658504 8.75
107	-10.6000969427447 -10.6000969427447 8.75
108	-5.73673112658505 -13.8496940894895 8.75
109	-2.75376544327593e-15 -14.9908008588991 8.75
110	5.73673112658505 -13.8496940894895 8.75
111	10.6000969427447 -10.6000969427447 8.75
112	13.8496940894895 -5.73673112658506 8.75
113	13.4283008588991 0.0 8.75
114	12.4061323199406 5.13878826351459 8.75
115	9.4952425971407 9.4952425971407 8.75
116	5.13878826351459 12.4061323199406 8.75
117	8.22246283241922e-16 13.4283008588991 8.75
118	-5.13878826351459 12.4061323199406 8.75
119	-9.4952425971407 9.4952425971407 8.75
120	-12.4061323199406 5.13878826351459 8.75
121	-13.4283008588991 1.64449256648384e-15 8.75
122	-12.4061323199406 -5.13878826351459 8.75
123	-9.4952425971407 -9.4952425971407 8.75
124	-5.1387882635146 -12.4061323199406 8.75
125	-2.46673884972577e-15 -13.4283008588991 8.75
126	5.1387882635146 -12.4061323199406 8.75
127	9.4952425971407 -9.4952425971407 8.75
128	12.4061323199406 -5.1387882635146 8.75
129	11.8658008588991 0.0 8.75
130	10.9625705503917 4.54084540044414 8.75
131	8.39038825153672 8.39038825153672 8.75
132	4.54084540044414 10.9625705503917 8.75
133	7.26570752058535e-16 11.8658008588991 8.75
134	-4.54084540044414 10.9625705503917 8.75
135	-8.39038825153672 8.39038825153672 8.75
136	-10.9625705503917 4.54084540044414 8.75
137	-11.8658008588991 1.45314150411707e-15 8.75
138	-10.9625705503917 -4.54084540044414 8.75
139	-8.39038825153672 -8.39038825153672 8.75
140	-4.54084540044415 -10.9625705503917 8.75
141	-2.17971225617561e-15 -11.8658008588991 8.75
142	4.54084540044414 -10.9625705503917 8.75
143	8.39038825153672 -8.39038825153672 8.75
144	10.9625705503917 -4.54084540044415 8.75
145	10.3033008588991 0.0 8.75
146	9.51900878084285 3.94290253737369 8.75
147	7.28553390593274 7.28553390593274 8.75
148	3.94290253737369 9.51900878084285 8.75
149	6.30895220875148e-16 10.3033008588991 8.75
150	-3.94290253737369 9.51900878084285 8.75
151	-7.28553390593274 7.28553390593274 8.75
152	-9.51900878084285 3.94290253737369 8.75
153	-10.3033008588991 1.2617904417503e-15 8.75
154	-9.51900878084285 -3.94290253737369 8.75
155	-7.28553390593274 -7.28553390593274 8.75
156	-3.94290253737369 -9.51900878084284 8.75
157	-1.89268566262544e-15 -10.3033008588991 8.75
158	3.94290253737369 -9.51900878084284 8.75
159	7.28553390593274 -7.28553390593274 8.75
160	9.51900878084284 -3.94290253737369 8.75
161	20.0 0.0 17.5
162	18.4775906502257 7.6536686473018 17.5
163	14.142135623731 14.1421356237309 17.5
164	7.6536686473018 18.4775906502257 17.5
165	1.22464679914735e-15 20.0 17.5
166	-7.65366864730179 18.4775906502257 17.5
167	-14.1421356237309 14.142135623731 17.5
168	-18.4775906502257 7.6536686473018 17.5
169	-20.0 2.44929359829471e-15 17.5
170	-18.4775906502257 -7.65366864730179 17.5
171	-14.142135623731 -14.1421356237309 17.5
172	-7.65366864730181 -18.4775906502257 17.5
173	-3.67394039744206e-15 -20.0 17.5
174	7.6536686473018 -18.4775906502257 17.5
175	14.1421356237309 -14.142135623731 17.5
176	18.4775906502257 -7.65366864730181 17.5
177	18.125 0.0 17.5
178	16.7453165267671 6.93613721161725 17.5
179	12.8163104090062 12.8163104090062 17.5
180	6.93613721161725 16.7453165267671 17.5
181	1.10983616172729e-15 18.125 17.5
182	-6.93613721161725 16.7453165267671 17.5
183	-12.8163104090062 12.8163104090062 17.5
184	-16.7453165267671 6.93613721161725 17.5
185	-18.125 2.21967232345458e-15 17.5
186	-16.7453165267671 -6.93613721161725 17.5
187	-12.8163104090062 -12.8163104090062 17.5
188	-6.93613721161726 -16.7453165267671 17.5
189	-3.32950848518187e-15 -18.125 17.5
190	6.93613721161726 -16.7453165267671 17.5
191	12.8163104090062 -12.8163104090062 17.5
192	16.7453165267671 -6.93613721161726 17.5
193	16.25 0.0 17.5
194	15.0130424033084 6.21860577593271 17.5
195	11.4904851942814 11.4904851942814 17.5
196	6.21860577593271 15.0130424033084 17.5
197	9.95025524307224e-16 16.25 17.5
198	-6.21860577593271 15.0130424033084 17.5
199	-11.4904851942814 11.4904851942814 17.5
200	-15.0130424033084 6.21860577593271 17.5
201	-16.25 1.99005104861445e-15 17.5
202	-15.0130424033084 -6.21860577593271 17.5
203	-11.4904851942814 -11.4904851942814 17.5
204	-6.21860577593272 -15.0130424033084 17.5
205	-2.98507657292167e-15 -16.25 17.5
206	6.21860577593271 -15.0130424033084 17.5
207	11.4904851942814 -11.4904851942814 17.5
208	15.0130424033084 -6.21860577593272 17.5
209	14.375 0.0 17.5
210	13.2807682798497 5.50107434024817 17.5
211	10.1646599795566 10.1646599795566 17.5
212	5.50107434024817 13.2807682798497 17.5
213	8.8021488688716e-16 14.375 17.5
214	-5.50107434024816 13.2807682798497 17.5
215	-10.1646599795566 10.1646599795566 17.5
216	-13.2807682798497 5.50107434024817 17.5
217	-14.375 1.76042977377432e-15 17.5
218	-13.2807682798497 -5.50107434024816 17.5
219	-10.1646599795566 -10.1646599795566 17.5
220	-5.50107434024817 -13.2807682798497 17.5
221	-2.64064466066148e-15 -14.375 17.5
222	5.50107434024817 -13.2807682798497 17.5
223	10.1646599795566 -10.1646599795566 17.5
224	13.2807682798497 -5.50107434024817 17.5
225	12.5 0.0 17.5
226	11.5484941563911 4.78354290456362 17.5
227	8.83883476483184 8.83883476483184 17.5
228	4.78354290456362 11.5484941563911 17.5
229	7.65404249467096e-16 12.5 17.5
230	-4.78354290456362 11.5484941563911 17.5
231	-8.83883476483184 8.83883476483184 17.5
232	-11.5484941563911 4.78354290456362 17.5
233	-12.5 1.53080849893419e-15 17.5
234	-11.5484941563911 -4.78354290456362 17.5
235	-8.83883476483185 -8.83883476483184 17.5
236	-4.78354290456363 -11.5484941563911 17.5
237	-2.29621274840129e-15 -12.5 17.5
238	4.78354290456362 -11.5484941563911 17.5
239	8.83883476483184 -8.83883476483185 17.5
240	11.5484941563911 -4.78354290456363 17.5
241	22.9355865354369 0.0 26.25
242	21.1897189662316 8.77706897868754 26.25
243	16.2179087696983 16.2179087696983 26.25
244	8.77706897868754 21.1897189662316 26.25
245	1.4043996318595e-15 22.9355865354369 26.25
246	-8.77706897868754 21.1897189662316 26.25
247	-16.2179087696983 16.2179087696983 26.25
248	-21.1897189662316 8.77706897868754 26.25
249	-22.9355865354369 2.808799263719e-15 26.25
250	-21.1897189662316 -8.77706897868754 26.25
251	-16.2179087696983 -16.2179087696983 26.25
252	-8.77706897868755 -21.1897189662316 26.25
253	-4.21319889557849e-15 -22.9355865354369 26.25
254	8.77706897868754 -21.1897189662316 26.25
255	16.2179087696983 -16.2179087696983 26.25
256	21.1897189662316 -8.77706897868755 26.25
257	20.7480865354369 0.0 26.25
258	19.1687324888632 7.9399489703889 26.25
259	14.6711126858527 14.6711126858527 26.25
260	7.93994897038891 19.1687324888632 26.25
261	1.27045388820276e-15 20.7480865354369 26.25
262	-7.9399489703889 19.1687324888632 26.25
263	-14.6711126858527 14.6711126858527 26.25
264	-19.1687324888632 7.93994897038891 26.25
265	-20.7480865354369 2.54090777640551e-15 26.25
266	-19.1687324888632 -7.9399489703889 26.25
267	-14.6711126858527 -14.6711126858527 26.25
268	-7.93994897038892 -19.1687324888632 26.25
269	-3.81136166460827e-15 -20.7480865354369 26.25
270	7.93994897038891 -19.1687324888632 26.25
271	14.6711126858527 -14.6711126858527 26.25
272	19.1687324888632 -7.93994897038892 26.25
273	18.5605865354369 0.0 26.25
274	17.1477460114947 7.10282896209027 26.25
275	13.1243166020072 13.1243166020072 26.25
276	7.10282896209027 17.1477460114947 26.25
277	1.13650814454601e-15 18.5605865354369 26.25
278	-7.10282896209027 17.1477460114947 26.25
279	-13.1243166020072 13.1243166020072 26.25
280	-17.1477460114947 7.10282896209027 26.25
281	-18.5605865354369 2.27301628909203e-15 26.25
282	-17.1477460114947 -7.10282896209027 26.25
283	-13.1243166020072 -13.1243166020072 26.25
284	-7.10282896209028 -17.1477460114947 26.25
285	-3.40952443363804e-15 -18.5605865354369 26.25
286	7.10282896209027 -17.1477460114947 26.25
287	13.1243166020072 -13.1243166020072 26.25
288	17.1477460114947 -7.10282896209028 26.25
289	16.3730865354369 0.0 26.25
290	15.1267595341263 6.26570895379164 26.25
291	11.5775205181616 11.5775205181616 26.25
292	6.26570895379164 15.1267595341263 26.25
293	1.00256240088927e-15 16.3730865354369 26.25
294	-6.26570895379164 15.1267595341263 26.25
295	-11.5775205181616 11.5775205181616 26.25
296	-15.1267595341263 6.26570895379164 26.25
297	-16.3730865354369 2.00512480177854e-15 26.25
298	-15.1267595341263 -6.26570895379163 26.25
299	-11.5775205181616 -11.5775205181616 26.25
300	-6.26570895379165 -15.1267595341263 26.25
301	-3.00768720266782e-15 -16.3730865354369 26.25
302	6.26570895379164 -15.1267595341263 26.25
303	11.5775205181616 -11.5775205181616 26.25
304	15.1267595341263 -6.26570895379165 26.25
305	14.1855865354369 0.0 26.25
306	13.1057730567579 5.428588945493 26.25
307	10.030724434316 10.030724434316 26.25
308	5.428588945493 13.1057730567579 26.25
309	8.68616657232531e-16 14.1855865354369 26.25
310	-5.428588945493 13.1057730567579 26.25
311	-10.030724434316 10.030724434316 26.25
312	-13.1057730567579 5.428588945493 26.25
313	-14.1855865354369 1.73723331446506e-15 26.25
314	-13.1057730567579 -5.428588945493 26.25
315	-10.030724434316 -10.030724434316 26.25
316	-5.42858894549301 -13.1057730567579 26.25
317	-2.60584997169759e-15 -14.1855865354369 26.25
318	5.42858894549301 -13.1057730567579 26.25
319	10.030724434316 -10.030724434316 26.25
320	13.1057730567579 -5.42858894549301 26.25
321	25.6066017177982 0.0 35.0
322	23.6574152242421 9.79922223657282 35.0
323	18.1066017177982 18.1066017177982 35.0
324	9.79922223657283 23.6574152242421 35.0
325	1.56795214153713e-15 25.6066017177982 35.0
326	-9.79922223657282 23.6574152242421 35.0
327	-18.1066017177982 18.1066017177982 35.0
328	-23.6574152242421 9.79922223657283 35.0
329	-25.6066017177982 3.13590428307427e-15 35.0
330	-23.6574152242421 -9.79922223657282 35.0
331	-18.1066017177982 -18.1066017177982 35.0
332	-9.79922223657284 -23.6574152242421 35.0
333	-4.7038564246114e-15 -25.6066017177982 35.0
334	9.79922223657283 -23.6574152242421 35.0
335	18.1066017177982 -18.1066017177982 35.0
336	23.6574152242421 -9.79922223657284 35.0
337	23.1066017177982 0.0 35.0
338	21.3477163929639 8.8425136556601 35.0
339	16.3388347648318 16.3388347648318 35.0
340	8.8425136556601 21.3477163929639 35.0
341	1.41487129164372e-15 23.1066017177982 35.0
342	-8.8425136556601 21.3477163929639 35.0
343	-16.3388347648318 16.3388347648318 35.0
344	-21.3477163929639 8.8425136556601 35.0
345	-23.1066017177982 2.82974258328743e-15 35.0
346	-21.3477163929639 -8.8425136556601 35.0
347	-16.3388347648318 -16.3388347648318 35.0
348	-8.84251365566011 -21.3477163929639 35.0
349	-4.24461387493115e-15 -23.1066017177982 35.0
350	8.8425136556601 -21.3477163929639 35.0
351	16.3388347648318 -16.3388347648318 35.0
352	21.3477163929639 -8.84251365566011 35.0
353	20.6066017177982 0.0 35.0
354	19.0380175616857 7.88580507474738 35.0
355	14.5710678118655 14.5710678118655 35.0
356	7.88580507474738 19.0380175616857 35.0
357	1.2617904417503e-15 20.6066017177982 35.0
358	-7.88580507474737 19.0380175616857 35.0
359	-14.5710678118655 14.5710678118655 35.0
360	-19.0380175616857 7.88580507474738 35.0
361	-20.6066017177982 2.52358088350059e-15 35.0
362	-19.0380175616857 -7.88580507474737 35.0
363	-14.5710678118655 -14.5710678118655 35.0
364	-7.88580507474739 -19.0380175616857 35.0
365	-3.78537132525089e-15 -20.6066017177982 35.0
366	7.88580507474738 -19.0380175616857 35.0
367	14.5710678118655 -14.5710678118655 35.0
368	19.0380175616857 -7.88580507474739 35.0
369	18.1066017177982 0.0 35.0
370	16.7283187304075 6.92909649383465 35.0
371	12.8033008588991 12.8033008588991 35.0
372	6.92909649383465 16.7283187304075 35.0
373	1.10870959185688e-15 18.1066017177982 35.0
374	-6.92909649383465 16.7283187304075 35.0
375	-12.8033008588991 12.8033008588991 35.0
376	-16.7283187304075 6.92909649383465 35.0
377	-18.1066017177982 2.21741918371375e-15 35.0
378	-16.7283187304075 -6.92909649383465 35.0
379	-12.8033008588991 -12.8033008588991 35.0
380	-6.92909649383466 -16.7283187304075 35.0
381	-3.32612877557063e-15 -18.1066017177982 35.0
382	6.92909649383466 -16.7283187304075 35.0
383	12.8033008588991 -12.8033008588991 35.0
384	16.7283187304075 -6.92909649383466 35.0
385	15.6066017177982 0.0 35.0
386	14.4186198991293 5.97238791292193 35.0
387	11.0355339059327 11.0355339059327 35.0
388	5.97238791292193 14.4186198991293 35.0
389	9.55628741963458e-16 15.6066017177982 35.0
390	-5.97238791292193 14.4186198991293 35.0
391	-11.0355339059327 11.0355339059327 35.0
392	-14.4186198991293 5.97238791292193 35.0
393	-15.6066017177982 1.91125748392692e-15 35.0
394	-14.4186198991293 -5.97238791292193 35.0
395	-11.0355339059327 -11.0355339059327 35.0
396	-5.97238791292193 -14.4186198991293 35.0
397	-2.86688622589037e-15 -15.6066017177982 35.0
398	5.97238791292193 -14.4186198991293 35.0
399	11.0355339059327 -11.0355339059327 35.0
400	14.4186198991293 -5.97238791292194 35.0
401	28.1085412256314 0.0 43.75
402	25.9689059271106 10.7566730350003 43.75
403	19.8757401099056 19.8757401099056 43.75
404	10.7566730350003 25.9689059271106 43.75
405	1.72115175203355e-15 28.1085412256314 43.75
406	-10.7566730350003 25.9689059271106 43.75
407	-19.8757401099056 19.8757401099056 43.75
408	-25.9689059271106 10.7566730350003 43.75
409	-28.1085412256314 3.44230350406709e-15 43.75
410	-25.9689059271106 -10.7566730350003 43.75
411	-19.8757401099056 -19.8757401099056 43.75
412	-10.7566730350003 -25.9689059271106 43.75
413	-5.16345525610064e-15 -28.1085412256314 43.75
414	10.7566730350003 -25.9689059271106 43.75
415	19.8757401099056 -19.8757401099056 43.75
416	25.9689059271106 -10.7566730350003 43.75
417	25.2960412256314 0.0 43.75
418	23.3704947419226 9.68037588147345 43.75
419	17.8870022878184 17.8870022878184 43.75
420	9.68037588147345 23.3704947419226 43.75
421	1.54893579590345e-15 25.2960412256314 43.75
422	-9.68037588147345 23.3704947419226 43.75
423	-17.8870022878184 17.8870022878184 43.75
424	-23.3704947419226 9.68037588147345 43.75
425	-25.2960412256314 3.0978715918069e-15 43.75
426	-23.3704947419226 -9.68037588147344 43.75
427	-17.8870022878184 -17.8870022878184 43.75
428	-9.68037588147346 -23.3704947419226 43.75
429	-4.64680738771035e-15 -25.2960412256314 43.75
430	9.68037588147345 -23.3704947419226 43.75
431	17.8870022878184 -17.8870022878184 43.75
432	23.3704947419226 -9.68037588147346 43.75
433	22.4835412256314 0.0 43.75
434	20.7720835567346 8.60407872794663 43.75
435	15.8982644657313 15.8982644657313 43.75
436	8.60407872794663 20.7720835567346 43.75
437	1.37671983977335e-15 22.4835412256314 43.75
438	-8.60407872794663 20.7720835567346 43.75
439	-15.8982644657313 15.8982644657313 43.75
440	-20.7720835567346 8.60407872794663 43.75
441	-22.4835412256314 2.75343967954671e-15 43.75
442	-20.7720835567346 -8.60407872794663 43.75
443	-15.8982644657313 -15.8982644657313 43.75
444	-8.60407872794664 -20.7720835567346 43.75
445	-4.13015951932006e-15 -22.4835412256314 43.75
446	8.60407872794664 -20.7720835567346 43.75
447	15.8982644657313 -15.8982644657313 43.75
448	20.7720835567346 -8.60407872794664 43.75
449	19.6710412256314 0.0 43.75
450	18.1736723715466 7.52778157441982 43.75
451	13.9095266436441 13.9095266436441 43.75
452	7.52778157441982 18.1736723715466 43.75
453	1.20450388364326e-15 19.6710412256314 43.75
454	-7.52778157441981 18.1736723715466 43.75
455	-13.9095266436441 13.9095266436441 43.75
456	-18.1736723715466 7.52778157441982 43.75
457	-19.6710412256314 2.40900776728651e-15 43.75
458	-18.1736723715466 -7.52778157441981 43.75
459	-13.9095266436441 -13.9095266436441 43.75
460	-7.52778157441983 -18.1736723715466 43.75
461	-3.61351165092977e-15 -19.6710412256314 43.75
462	7.52778157441982 -18.1736723715466 43.75
463	13.9095266436441 -13.9095266436441 43.75
464	18.1736723715466 -7.52778157441983 43.75
465	16.8585412256314 0.0 43.75
466	15.5752611863586 6.451484420893 43.75
467	11.920788821557 11.9207888215569 43.75
468	6.451484420893 15.5752611863586 43.75
469	1.03228792751316e-15 16.8585412256314 43.75
470	-6.451484420893 15.5752611863586 43.75
471	-11.9207888215569 11.920788821557 43.75
472	-15.5752611863586 6.451484420893 43.75
473	-16.8585412256314 2.06457585502632e-15 43.75
474	-15.5752611863586 -6.451484420893 43.75
475	-11.920788821557 -11.9207888215569 43.75
476	-6.45148442089301 -15.5752611863586 43.75
477	-3.09686378253948e-15 -16.8585412256314 43.75
478	6.451484420893 -15.5752611863586 43.75
479	11.9207888215569 -11.920788821557 43.75
480	15.5752611863586 -6.45148442089301 43.75
481	30.4903810567666 0.0 52.5
482	28.1694389968165 11.6681636769229 52.5
483	21.5599552062015 21.5599552062015 52.5
484	11.6681636769229 28.1694389968165 52.5
485	1.86699737829761e-15 30.4903810567666 52.5
486	-11.6681636769229 28.1694389968165 52.5
487	-21.5599552062015 21.5599552062015 52.5
488	-28.1694389968165 11.668163676923 52.5
489	-30.4903810567666 3.73399475659523e-15 52.5
490	-28.1694389968165 -11.6681636769229 52.5
491	-21.5599552062015 -21.5599552062015 52.5
492	-11.668163676923 -28.1694389968165 52.5
493	-5.60099213489284e-15 -30.4903810567666 52.5
494	11.668163676923 -28.1694389968165 52.5
495	21.5599552062015 -21.5599552062015 52.5
496	28.1694389968165 -11.668163676923 52.5
497	27.3653810567666 0.0 52.5
498	25.2823154577187 10.472277950782 52.5
499	19.3502465149935 19.3502465149935 52.5
500	10.472277950782 25.2823154577187 52.5
501	1.67564631593084e-15 27.3653810567666 52.5
502	-10.472277950782 25.2823154577187 52.5
503	-19.3502465149935 19.3502465149935 52.5
504	-25.2823154577187 10.472277950782 52.5
505	-27.3653810567666 3.35129263186168e-15 52.5
506	-25.2823154577187 -10.472277950782 52.5
507	-19.3502465149935 -19.3502465149935 52.5
508	-10.4722779507821 -25.2823154577187 52.5
509	-5.02693894779252e-15 -27.3653810567666 52.5
510	10.472277950782 -25.2823154577187 52.5
511	19.3502465149935 -19.3502465149935 52.5
512	25.2823154577187 -10.4722779507821 52.5
513	24.2403810567666 0.0 52.5
514	22.395191918621 9.27639222464114 52.5
515	17.1405378237856 17.1405378237856 52.5
516	9.27639222464114 22.395191918621 52.5
517	1.48429525356407e-15 24.2403810567666 52.5
518	-9.27639222464114 22.395191918621 52.5
519	-17.1405378237856 17.1405378237856 52.5
520	-22.395191918621 9.27639222464114 52.5
521	-24.2403810567666 2.96859050712813e-15 52.5
522	-22.395191918621 -9.27639222464113 52.5
523	-17.1405378237856 -17.1405378237856 52.5
524	-9.27639222464115 -22.395191918621 52.5
525	-4.4528857606922e-15 -24.2403810567666 52.5
526	9.27639222464114 -22.395191918621 52.5
527	17.1405378237856 -17.1405378237856 52.5
528	22.395191918621 -9.27639222464115 52.5
529	21.1153810567666 0.0 52.5
530	19.5080683795232 8.08050649850023 52.5
531	14.9308291325776 14.9308291325776 52.5
532	8.08050649850023 19.5080683795232 52.5
533	1.29294419119729e-15 21.1153810567666 52.5
534	-8.08050649850023 19.5080683795232 52.5
535	-14.9308291325776 14.9308291325776 52.5
536	-19.5080683795232 8.08050649850023 52.5
537	-21.1153810567666 2.58588838239458e-15 52.5
538	-19.5080683795232 -8.08050649850023 52.5
539	-14.9308291325776 -14.9308291325776 52.5
540	-8.08050649850024 -19.5080683795232 52.5
541	-3.87883257359188e-15 -21.1153810567666 52.5
542	8.08050649850024 -19.5080683795232 52.5
543	14.9308291325776 -14.9308291325776 52.5
544	19.5080683795232 -8.08050649850025 52.5
545	17.9903810567666 0.0 52.5
546	16.6209448404254 6.88462077235933 52.5
547	12.7211204413697 12.7211204413697 52.5
548	6.88462077235933 16.6209448404254 52.5
549	1.10159312883052e-15 17.9903810567666 52.5
550	-6.88462077235932 16.6209448404254 52.5
551	-12.7211204413697 12.7211204413697 52.5
552	-16.6209448404254 6.88462077235933 52.5
553	-17.9903810567666 2.20318625766104e-15 52.5
554	-16.6209448404254 -6.88462077235932 52.5
555	-12.7211204413697 -12.7211204413697 52.5
556	-6.88462077235934 -16.6209448404254 52.5
557	-3.30477938649156e-15 -17.9903810567666 52.5
558	6.88462077235933 -16.6209448404254 52.5
559	12.7211204413697 -12.7211204413697 52.5
560	16.6209448404254 -6.88462077235934 52.5
561	32.7812152004023 0.0 61.25
562	30.2858937744995 12.5448279499886 61.25
563	23.17981956374 23.17981956374 61.25
564	12.5448279499886 30.2858937744995 61.25
565	2.00727051336666e-15 32.7812152004023 61.25
566	-12.5448279499886 30.2858937744995 61.25
567	-23.17981956374 23.17981956374 61.25
568	-30.2858937744995 12.5448279499886 61.25
569	-32.7812152004023 4.01454102673332e-15 61.25
570	-30.2858937744995 -12.5448279499886 61.25
571	-23.17981956374 -23.17981956374 61.25
572	-12.5448279499886 -30.2858937744995 61.25
573	-6.02181154009998e-15 -32.7812152004023 61.25
574	12.5448279499886 -30.2858937744995 61.25
575	23.17981956374 -23.17981956374 61.25
576	30.2858937744995 -12.5448279499886 61.25
577	29.3437152004023 0.0 61.25
578	27.110057881492 11.2293536512336 61.25
579	20.7491400034112 20.7491400034112 61.25
580	11.2293536512336 27.110057881492 61.25
581	1.79678434476321e-15 29.3437152004023 61.25
582	-11.2293536512336 27.110057881492 61.25
583	-20.7491400034112 20.7491400034112 61.25
584	-27.110057881492 11.2293536512336 61.25
585	-29.3437152004023 3.59356868952642e-15 61.25
586	-27.110057881492 -11.2293536512336 61.25
587	-20.7491400034112 -20.7491400034112 61.25
588	-11.2293536512336 -27.110057881492 61.25
589	-5.39035303428963e-15 -29.3437152004023 61.25
590	11.2293536512336 -27.110057881492 61.25
591	20.7491400034112 -20.7491400034112 61.25
592	27.110057881492 -11.2293536512336 61.25
593	25.9062152004023 0.0 61.25
594	23.9342219884844 9.91387935247861 61.25
595	18.3184604430825 18.3184604430825 61.25
596	9.91387935247861 23.9342219884844 61.25
597	1.58629817615976e-15 25.9062152004023 61.25
598	-9.9138793524786 23.9342219884844 61.25
599	-18.3184604430825 18.3184604430825 61.25
600	-23.9342219884844 9.91387935247861 61.25
601	-25.9062152004023 3.17259635231952e-15 61.25
602	-23.9342219884845 -9.9138793524786 61.25
603	-18.3184604430825 -18.3184604430825 61.25
604	-9.91387935247862 -23.9342219884844 61.25
605	-4.75889452847927e-15 -25.9062152004023 61.25
606	9.91387935247861 -23.9342219884844 61.25
607	18.3184604430825 -18.3184604430825 61.25
608	23.9342219884844 -9.91387935247862 61.25
609	22.4687152004023 0.0 61.25
610	20.7583860954769 8.59840505372361 61.25
611	15.8877808827537 15.8877808827537 61.25
612	8.59840505372361 20.7583860954769 61.25
613	1.37581200755631e-15 22.4687152004023 61.25
614	-8.59840505372361 20.7583860954769 61.25
615	-15.8877808827537 15.8877808827537 61.25
616	-20.7583860954769 8.59840505372361 61.25
617	-22.4687152004023 2.75162401511261e-15 61.25
618	-20.7583860954769 -8.59840505372361 61.25
619	-15.8877808827537 -15.8877808827537 61.25
620	-8.59840505372362 -20.7583860954769 61.25
621	-4.12743602266892e-15 -22.4687152004023 61.25
622	8.59840505372362 -20.7583860954769 61.25
623	15.8877808827537 -15.8877808827537 61.25
624	20.7583860954769 -8.59840505372362 61.25
625	19.0312152004023 0.0 61.25
626	17.5825502024694 7.28293075496861 61.25
627	13.457101322425 13.457101322425 61.25
628	7.28293075496862 17.5825502024694 61.25
629	1.16532583895286e-15 19.0312152004023 61.25
630	-7.28293075496861 17.5825502024694 61.25
631	-13.457101322425 13.457101322425 61.25
632	-17.5825502024694 7.28293075496862 61.25
633	-19.0312152004023 2.33065167790571e-15 61.25
634	-17.5825502024694 -7.28293075496861 61.25
635	-13.457101322425 -13.457101322425 61.25
636	-7.28293075496862 -17.5825502024693 61.25
637	-3.49597751685857e-15 -19.0312152004023 61.25
638	7.28293075496862 -17.5825502024693 61.25
639	13.4571013224249 -13.457101322425 61.25
640	17.5825502024693 -7.28293075496863 61.25
641	35.0 0.0 70.0
642	32.335783637895 13.3939201327781 70.0
643	24.7487373415292 24.7487373415292 70.0
644	13.3939201327781 32.335783637895 70.0
645	2.14313189850787e-15 35.0 70.0
646	-13.3939201327781 32.335783637895 70.0
647	-24.7487373415292 24.7487373415292 70.0
648	-32.335783637895 13.3939201327781 70.0
649	-35.0 4.28626379701574e-15 70.0
650	-32.335783637895 -13.3939201327781 70.0
651	-24.7487373415292 -24.7487373415292 70.0
652	-13.3939201327782 -32.335783637895 70.0
653	-6.4293956955236e-15 -35.0 70.0
654	13.3939201327782 -32.335783637895 70.0
655	24.7487373415292 -24.7487373415292 70.0
656	32.335783637895 -13.3939201327782 70.0
657	31.25 0.0 70.0
658	28.8712353909777 11.9588572614091 70.0
659	22.0970869120796 22.0970869120796 70.0
660	11.9588572614091 28.8712353909777 70.0
661	1.91351062366774e-15 31.25 70.0
662	-11.9588572614091 28.8712353909777 70.0
663	-22.0970869120796 22.0970869120796 70.0
664	-28.8712353909777 11.9588572614091 70.0
665	-31.25 3.82702124733548e-15 70.0
666	-28.8712353909777 -11.9588572614091 70.0
667	-22.0970869120796 -22.0970869120796 70.0
668	-11.9588572614091 -28.8712353909777 70.0
669	-5.74053187100322e-15 -31.25 70.0
670	11.9588572614091 -28.8712353909777 70.0
671	22.0970869120796 -22.0970869120796 70.0
672	28.8712353909777 -11.9588572614091 70.0
673	27.5 0.0 70.0
674	25.4066871440604 10.52379439004 70.0
675	19.4454364826301 19.4454364826301 70.0
676	10.52379439004 25.4066871440604 70.0
677	1.68388934882761e-15 27.5 70.0
678	-10.52379439004 25.4066871440604 70.0
679	-19.4454364826301 19.4454364826301 70.0
680	-25.4066871440604 10.52379439004 70.0
681	-27.5 3.36777869765522e-15 70.0
682	-25.4066871440604 -10.52379439004 70.0
683	-19.4454364826301 -19.4454364826301 70.0
684	-10.52379439004 -25.4066871440604 70.0
685	-5.05166804648283e-15 -27.5 70.0
686	10.52379439004 -25.4066871440604 70.0
687	19.4454364826301 -19.4454364826301 70.0
688	25.4066871440604 -10.52379439004 70.0
689	23.75 0.0 70.0
690	21.9421388971431 9.08873151867088 70.0
691	16.7937860531805 16.7937860531805 70.0
692	9.08873151867088 21.9421388971431 70.0
693	1.45426807398748e-15 23.75 70.0
694	-9.08873151867088 21.9421388971431 70.0
695	-16.7937860531805 16.7937860531805 70.0
696	-21.9421388971431 9.08873151867089 70.0
697	-23.75 2.90853614797496e-15 70.0
698	-21.9421388971431 -9.08873151867088 70.0
699	-16.7937860531805 -16.7937860531805 70.0
700	-9.0887315186709 -21.9421388971431 70.0
701	-4.36280422196245e-15 -23.75 70.0
702	9.08873151867089 -21.9421388971431 70.0
703	16.7937860531805 -16.7937860531805 70.0
704	21.9421388971431 -9.0887315186709 70.0
705	20.0 0.0 70.0
706	18.4775906502257 7.6536686473018 70.0
707	14.142135623731 14.1421356237309 70.0
708	7.6536686473018 18.4775906502257 70.0
709	1.22464679914735e-15 20.0 70.0
710	-7.65366864730179 18.4775906502257 70.0
711	-14.1421356237309 14.142135623731 70.0
712	-18.4775906502257 7.6536686473018 70.0
713	-20.0 2.44929359829471e-15 70.0
714	-18.4775906502257 -7.65366864730179 70.0
715	-14.142135623731 -14.1421356237309 70.0
716	-7.65366864730181 -18.4775906502257 70.0
717	-3.67394039744206e-15 -20.0 70.0
718	7.6536686473018 -18.4775906502257 70.0
719	14.1421356237309 -14.142135623731 70.0
720	18.4775906502257 -7.65366864730181 70.0
fixed_nodes
83
648 1 0
648 2 0
656 2 0
641 3 0
642 3 0
643 3 0
644 3 0
645 3 0
646 3 0
647 3 0
648 3 0
649 3 0
650 3 0
651 3 0
652 3 0
653 3 0
654 3 0
655 3 0
656 3 0
657 3 0
658 3 0
659 3 0
660 3 0
661 3 0
662 3 0
663 3 0
664 3 0
665 3 0
666 3 0
667 3 0
668 3 0
669 3 0
670 3 0
671 3 0
672 3 0
673 3 0
674 3 0
675 3 0
676 3 0
677 3 0
678 3 0
679 3 0
680 3 0
681 3 0
682 3 0
683 3 0
684 3 0
685 3 0
686 3 0
687 3 0
688 3 0
689 3 0
690 3 0
691 3 0
692 3 0
693 3 0
694 3 0
695 3 0
696 3 0
697 3 0
698 3 0
699 3 0
700 3 0
701 3 0
702 3 0
703 3 0
704 3 0
705 3 0
706 3 0
707 3 0
708 3 0
709 3 0
710 3 0
711 3 0
712 3 0
713 3 0
714 3 0
715 3 0
716 3 0
717 3 0
718 3 0
719 3 0
720 3 0
traction_forces
0 0
fibers
1	-0.0 0.5 -0.866025403784439
2	-0.191341716182545 0.461939766255643 -0.866025403784439
3	-0.353553390593274 0.353553390593274 -0.866025403784439
4	-0.461939766255643 0.191341716182545 -0.866025403784439
5	-0.5 3.06161699786838e-17 -0.866025403784439
6	-0.461939766255643 -0.191341716182545 -0.866025403784439
7	-0.353553390593274 -0.353553390593274 -0.866025403784439
8	-0.191341716182545 -0.461939766255643 -0.866025403784439
9	-6.12323399573677e-17 -0.5 -0.866025403784439
10	0.191341716182545 -0.461939766255644 -0.866025403784439
11	0.353553390593274 -0.353553390593274 -0.866025403784439
12	0.461939766255643 -0.191341716182545 -0.866025403784439
13	0.5 -9.18485099360515e-17 -0.866025403784439
14	0.461939766255643 0.191341716182545 -0.866025403784439
15	0.353553390593274 0.353553390593274 -0.866025403784439
16	0.191341716182545 0.461939766255643 -0.866025403784439
17	-0.0 0.866025403784439 -0.5
18	-0.331413574035592 0.800103145191266 -0.5
19	-0.612372435695794 0.612372435695795 -0.5
20	-0.800103145191266 0.331413574035592 -0.5
21	-0.866025403784439 5.30287619362453e-17 -0.5
22	-0.800103145191266 -0.331413574035592 -0.5
23	-0.612372435695795 -0.612372435695794 -0.5
24	-0.331413574035592 -0.800103145191266 -0.5
25	-1.06057523872491e-16 -0.866025403784439 -0.5
26	0.331413574035592 -0.800103145191266 -0.5
27	0.612372435695794 -0.612372435695795 -0.5
28	0.800103145191265 -0.331413574035592 -0.5
29	0.866025403784439 -1.59086285808736e-16 -0.5
30	0.800103145191265 0.331413574035592 -0.5
31	0.612372435695795 0.612372435695794 -0.5
32	0.331413574035592 0.800103145191265 -0.5
33	-0.0 1.0 0.0
34	-0.38268343236509 0.923879532511287 0.0
35	-0.707106781186547 0.707106781186548 0.0
36	-0.923879532511287 0.38268343236509 0.0
37	-1.0 6.12323399573677e-17 0.0
38	-0.923879532511287 -0.38268343236509 0.0
39	-0.707106781186548 -0.707106781186547 0.0
40	-0.38268343236509 -0.923879532511287 0.0
41	-1.22464679914735e-16 -1.0 0.0
42	0.38268343236509 -0.923879532511287 0.0
43	0.707106781186547 -0.707106781186548 0.0
44	0.923879532511287 -0.38268343236509 0.0
45	1.0 -1.83697019872103e-16 0.0
46	0.923879532511287 0.38268343236509 0.0
47	0.707106781186548 0.707106781186547 0.0
48	0.38268343236509 0.923879532511287 0.0
49	-0.0 0.866025403784439 0.5
50	-0.331413574035592 0.800103145191265 0.5
51	-0.612372435695794 0.612372435695795 0.5
52	-0.800103145191265 0.331413574035592 0.5
53	-0.866025403784439 5.30287619362453e-17 0.5
54	-0.800103145191265 -0.331413574035592 0.5
55	-0.612372435695795 -0.612372435695794 0.5
56	-0.331413574035592 -0.800103145191265 0.5
57	-1.06057523872491e-16 -0.866025403784439 0.5
58	0.331413574035592 -0.800103145191266 0.5
59	0.612372435695794 -0.612372435695795 0.5
60	0.800103145191265 -0.331413574035592 0.5
61	0.866025403784439 -1.59086285808736e-16 0.5
62	0.800103145191265 0.331413574035592 0.5
63	0.612372435695795 0.612372435695794 0.5
64	0.331413574035592 0.800103145191265 0.5
65	-0.0 0.5 0.866025403784439
66	-0.191341716182545 0.461939766255643 0.866025403784439
67	-0.353553390593274 0.353553390593274 0.866025403784439
68	-0.461939766255643 0.191341716182545 0.866025403784439
69	-0.5 3.06161699786838e-17 0.866025403784439
70	-0.461939766255643 -0.191341716182545 0.866025403784439
71	-0.353553390593274 -0.353553390593274 0.866025403784439
72	-0.191341716182545 -0.461939766255643 0.866025403784439
73	-6.12323399573677e-17 -0.5 0.866025403784439
74	0.191341716182545 -0.461939766255644 0.866025403784439
75	0.353553390593274 -0.353553390593274 0.866025403784439
76	0.461939766255643 -0.191341716182545 0.866025403784439
77	0.5 -9.18485099360515e-17 0.866025403784439
78	0.461939766255643 0.191341716182545 0.866025403784439
79	0.353553390593274 0.353553390593274 0.866025403784439
80	0.191341716182545 0.461939766255643 0.866025403784439
81	-0.0 0.5 -0.866025403784439
82	-0.191341716182545 0.461939766255643 -0.866025403784439
83	-0.353553390593274 0.353553390593274 -0.866025403784439
84	-0.461939766255643 0.191341716182545 -0.866025403784439
85	-0.5 3.06161699786838e-17 -0.866025403784439
86	-0.461939766255643 -0.191341716182545 -0.866025403784439
87	-0.353553390593274 -0.353553390593274 -0.866025403784439
88	-0.191341716182545 -0.461939766255643 -0.866025403784439
89	-6.12323399573677e-17 -0.5 -0.866025403784439
90	0.191341716182545 -0.461939766255644 -0.866025403784439
91	0.353553390593274 -0.353553390593274 -0.866025403784439
92	0.461939766255643 -0.191341716182545 -0.866025403784439
93	0.5 -9.18485099360515e-17 -0.866025403784439
94	0.461939766255643 0.191341716182545 -0.866025403784439
95	0.353553390593274 0.353553390593274 -0.866025403784439
96	0.191341716182545 0.461939766255643 -0.866025403784439
97	-0.0 0.866025403784439 -0.5
98	-0.331413574035592 0.800103145191266 -0.5
99	-0.612372435695794 0.612372435695795 -0.5
100	-0.800103145191266 0.331413574035592 -0.5
101	-0.866025403784439 5.30287619362453e-17 -0.5
102	-0.800103145191266 -0.331413574035592 -0.5
103	-0.612372435695795 -0.612372435695794 -0.5
104	-0.331413574035592 -0.800103145191266 -0.5
105	-1.06057523872491e-16 -0.866025403784439 -0.5
106	0.331413574035592 -0.800103145191266 -0.5
107	0.612372435695794 -0.612372435695795 -0.5
108	0.800103145191265 -0.331413574035592 -0.5
109	0.866025403784439 -1.59086285808736e-16 -0.5
110	0.800103145191265 0.331413574035592 -0.5
111	0.612372435695795 0.612372435695794 -0.5
112	0.331413574035592 0.800103145191265 -0.5
113	-0.0 1.0 0.0
114	-0.38268343236509 0.923879532511287 0.0
115	-0.707106781186547 0.707106781186548 0.0
116	-0.923879532511287 0.38268343236509 0.0
117	-1.0 6.12323399573677e-17 0.0
118	-0.923879532511287 -0.38268343236509 0.0
119	-0.707106781186548 -0.707106781186547 0.0
120	-0.38268343236509 -0.923879532511287 0.0
121	-1.22464679914735e-16 -1.0 0.0
122	0.38268343236509 -0.923879532511287 0.0
123	0.707106781186547 -0.707106781186548 0.0
124	0.923879532511287 -0.38268343236509 0.0
125	1.0 -1.83697019872103e-16 0.0
126	0.923879532511287 0.38268343236509 0.0
127	0.707106781186548 0.707106781186547 0.0
128	0.38268343236509 0.923879532511287 0.0
129	-0.0 0.866025403784439 0.5
130	-0.331413574035592 0.800103145191265 0.5
131	-0.612372435695794 0.612372435695795 0.5
132	-0.800103145191265 0.331413574035592 0.5
133	-0.866025403784439 5.30287619362453e-17 0.5
134	-0.800103145191265 -0.331413574035592 0.5
135	-0.612372435695795 -0.612372435695794 0.5
136	-0.331413574035592 -0.800103145191265 0.5
137	-1.06057523872491e-16 -0.866025403784439 0.5
138	0.331413574035592 -0.800103145191266 0.5
139	0.612372435695794 -0.612372435695795 0.5
140	0.800103145191265 -0.331413574035592 0.5
141	0.866025403784439 -1.59086285808736e-16 0.5
142	0.800103145191265 0.331413574035592 0.5
143	0.612372435695795 0.612372435695794 0.5
144	0.331413574035592 0.800103145191265 0.5
145	-0.0 0.5 0.866025403784439
146	-0.191341716182545 0.461939766255643 0.866025403784439
147	-0.353553390593274 0.353553390593274 0.866025403784439
148	-0.461939766255643 0.191341716182545 0.866025403784439
149	-0.5 3.06161699786838e-17 0.866025403784439
150	-0.461939766255643 -0.191341716182545 0.866025403784439
151	-0.353553390593274 -0.353553390593274 0.866025403784439
152	-0.191341716182545 -0.461939766255643 0.866025403784439
153	-6.12323399573677e-17 -0.5 0.866025403784439
154	0.191341716182545 -0.461939766255644 0.866025403784439
155	0.353553390593274 -0.353553390593274 0.866025403784439
156	0.461939766255643 -0.191341716182545 0.866025403784439
157	0.5 -9.18485099360515e-17 0.866025403784439
158	0.461939766255643 0.191341716182545 0.866025403784439
159	0.353553390593274 0.353553390593274 0.866025403784439
160	0.191341716182545 0.461939766255643 0.866025403784439
161	-0.0 0.5 -0.866025403784439
162	-0.191341716182545 0.461939766255643 -0.866025403784439
163	-0.353553390593274 0.353553390593274 -0.866025403784439
164	-0.461939766255643 0.191341716182545 -0.866025403784439
165	-0.5 3.06161699786838e-17 -0.866025403784439
166	-0.461939766255643 -0.191341716182545 -0.866025403784439
167	-0.353553390593274 -0.353553390593274 -0.866025403784439
168	-0.191341716182545 -0.461939766255643 -0.866025403784439
169	-6.12323399573677e-17 -0.5 -0.866025403784439
170	0.191341716182545 -0.461939766255644 -0.866025403784439
171	0.353553390593274 -0.353553390593274 -0.866025403784439
172	0.461939766255643 -0.191341716182545 -0.866025403784439
173	0.5 -9.18485099360515e-17 -0.866025403784439
174	0.461939766255643 0.191341716182545 -0.866025403784439
175	0.353553390593274 0.353553390593274 -0.866025403784439
176	0.191341716182545 0.461939766255643 -0.866025403784439
177	-0.0 0.866025403784439 -0.5
178	-0.331413574035592 0.800103145191266 -0.5
179	-0.612372435695794 0.612372435695795 -0.5
180	-0.800103145191266 0.331413574035592 -0.5
181	-0.866025403784439 5.30287619362453e-17 -0.5
182	-0.800103145191266 -0.331413574035592 -0.5
183	-0.612372435695795 -0.612372435695794 -0.5
184	-0.331413574035592 -0.800103145191266 -0.5
185	-1.06057523872491e-16 -0.866025403784439 -0.5
186	0.331413574035592 -0.800103145191266 -0.5
187	0.612372435695794 -0.612372435695795 -0.5
188	0.800103145191265 -0.331413574035592 -0.5
189	0.866025403784439 -1.59086285808736e-16 -0.5
190	0.800103145191265 0.331413574035592 -0.5
191	0.612372435695795 0.612372435695794 -0.5
192	0.331413574035592 0.800103145191265 -0.5
193	-0.0 1.0 0.0
194	-0.38268343236509 0.923879532511287 0.0
195	-0.707106781186547 0.707106781186548 0.0
196	-0.923879532511287 0.38268343236509 0.0
197	-1.0 6.12323399573677e-17 0.0
198	-0.923879532511287 -0.38268343236509 0.0
199	-0.707106781186548 -0.707106781186547 0.0
200	-0.38268343236509 -0.923879532511287 0.0
201	-1.22464679914735e-16 -1.0 0.0
202	0.38268343236509 -0.923879532511287 0.0
203	0.707106781186547 -0.707106781186548 0.0
204	0.923879532511287 -0.38268343236509 0.0
205	1.0 -1.83697019872103e-16 0.0
206	0.923879532511287 0.38268343236509 0.0
207	0.707106781186548 0.707106781186547 0.0
208	0.38268343236509 0.923879532511287 0.0
209	-0.0 0.866025403784439 0.5
210	-0.331413574035592 0.800103145191265 0.5
211	-0.612372435695794 0.612372435695795 0.5
212	-0.800103145191265 0.331413574035592 0.5
213	-0.866025403784439 5.30287619362453e-17 0.5
214	-0.800103145191265 -0.331413574035592 0.5
215	-0.612372435695795 -0.612372435695794 0.5
216	-0.331413574035592 -0.800103145191265 0.5
217	-1.06057523872491e-16 -0.866025403784439 0.5
218	0.331413574035592 -0.800103145191266 0.5
219	0.612372435695794 -0.612372435695795 0.5
220	0.800103145191265 -0.331413574035592 0.5
221	0.866025403784439 -1.59086285808736e-16 0.5
222	0.800103145191265 0.331413574035592 0.5
223	0.612372435695795 0.612372435695794 0.5
224	0.331413574035592 0.800103145191265 0.5
225	-0.0 0.5 0.866025403784439
226	-0.191341716182545 0.461939766255643 0.866025403784439
227	-0.353553390593274 0.353553390593274 0.866025403784439
228	-0.461939766255643 0.191341716182545 0.866025403784439
229	-0.5 3.06161699786838e-17 0.866025403784439
230	-0.461939766255643 -0.191341716182545 0.866025403784439
231	-0.353553390593274 -0.353553390593274 0.866025403784439
232	-0.191341716182545 -0.461939766255643 0.866025403784439
233	-6.12323399573677e-17 -0.5 0.866025403784439
234	0.191341716182545 -0.461939766255644 0.866025403784439
235	0.353553390593274 -0.353553390593274 0.866025403784439
236	0.461939766255643 -0.191341716182545 0.866025403784439
237	0.5 -9.18485099360515e-17 0.866025403784439
238	0.461939766255643 0.191341716182545 0.866025403784439
239	0.353553390593274 0.353553390593274 0.866025403784439
240	0.191341716182545 0.461939766255643 0.866025403784439
241	-0.0 0.5 -0.866025403784439
242	-0.191341716182545 0.461939766255643 -0.866025403784439
243	-0.353553390593274 0.353553390593274 -0.866025403784439
244	-0.461939766255643 0.191341716182545 -0.866025403784439
245	-0.5 3.06161699786838e-17 -0.866025403784439
246	-0.461939766255643 -0.191341716182545 -0.866025403784439
247	-0.353553390593274 -0.353553390593274 -0.866025403784439
248	-0.191341716182545 -0.461939766255643 -0.866025403784439
249	-6.12323399573677e-17 -0.5 -0.866025403784439
250	0.191341716182545 -0.461939766255644 -0.866025403784439
251	0.353553390593274 -0.353553390593274 -0.866025403784439
252	0.461939766255643 -0.191341716182545 -0.866025403784439
253	0.5 -9.18485099360515e-17 -0.866025403784439
254	0.461939766255643 0.191341716182545 -0.866025403784439
255	0.353553390593274 0.353553390593274 -0.866025403784439
256	0.191341716182545 0.461939766255643 -0.866025403784439
257	-0.0 0.866025403784439 -0.5
258	-0.331413574035592 0.800103145191266 -0.5
259	-0.612372435695794 0.612372435695795 -0.5
260	-0.800103145191266 0.331413574035592 -0.5
261	-0.866025403784439 5.30287619362453e-17 -0.5
262	-0.800103145191266 -0.331413574035592 -0.5
263	-0.612372435695795 -0.612372435695794 -0.5
264	-0.331413574035592 -0.800103145191266 -0.5
265	-1.06057523872491e-16 -0.866025403784439 -0.5
266	0.331413574035592 -0.800103145191266 -0.5
267	0.612372435695794 -0.612372435695795 -0.5
268	0.800103145191265 -0.331413574035592 -0.5
269	0.866025403784439 -1.59086285808736e-16 -0.5
270	0.800103145191265 0.331413574035592 -0.5
271	0.612372435695795 0.612372435695794 -0.5
272	0.331413574035592 0.800103145191265 -0.5
273	-0.0 1.0 0.0
274	-0.38268343236509 0.923879532511287 0.0
275	-0.707106781186547 0.707106781186548 0.0
276	-0.923879532511287 0.38268343236509 0.0
277	-1.0 6.12323399573677e-17 0.0
278	-0.923879532511287 -0.38268343236509 0.0
279	-0.707106781186548 -0.707106781186547 0.0
280	-0.38268343236509 -0.923879532511287 0.0
281	-1.22464679914735e-16 -1.0 0.0
282	0.38268343236509 -0.923879532511287 0.0
283	0.707106781186547 -0.707106781186548 0.0
284	0.923879532511287 -0.38268343236509 0.0
285	1.0 -1.83697019872103e-16 0.0
286	0.923879532511287 0.38268343236509 0.0
287	0.707106781186548 0.707106781186547 0.0
288	0.38268343236509 0.923879532511287 0.0
289	-0.0 0.866025403784439 0.5
290	-0.331413574035592 0.800103145191265 0.5
291	-0.612372435695794 0.612372435695795 0.5
292	-0.800103145191265 0.331413574035592 0.5
293	-0.866025403784439 5.30287619362453e-17 0.5
294	-0.800103145191265 -0.331413574035592 0.5
295	-0.612372435695795 -0.612372435695794 0.5
296	-0.331413574035592 -0.800103145191265 0.5
297	-1.06057523872491e-16 -0.866025403784439 0.5
298	0.331413574035592 -0.800103145191266 0.5
299	0.612372435695794 -0.612372435695795 0.5
300	0.800103145191265 -0.331413574035592 0.5
301	0.866025403784439 -1.59086285808736e-16 0.5
302	0.800103145191265 0.331413574035592 0.5
303	0.612372435695795 0.612372435695794 0.5
304	0.331413574035592 0.800103145191265 0.5
305	-0.0 0.5 0.866025403784439
306	-0.191341716182545 0.461939766255643 0.866025403784439
307	-0.353553390593274 0.353553390593274 0.866025403784439
308	-0.461939766255643 0.191341716182545 0.866025403784439
309	-0.5 3.06161699786838e-17 0.866025403784439
310	-0.461939766255643 -0.191341716182545 0.866025403784439
311	-0.353553390593274 -0.353553390593274 0.866025403784439
312	-0.191341716182545 -0.461939766255643 0.866025403784439
313	-6.12323399573677e-17 -0.5 0.866025403784439
314	0.191341716182545 -0.461939766255644 0.866025403784439
315	0.353553390593274 -0.353553390593274 0.866025403784439
316	0.461939766255643 -0.191341716182545 0.866025403784439
317	0.5 -9.18485099360515e-17 0.866025403784439
318	0.461939766255643 0.191341716182545 0.866025403784439
319	0.353553390593274 0.353553390593274 0.866025403784439
320	0.191341716182545 0.461939766255643 0.866025403784439
321	-0.0 0.5 -0.866025403784439
322	-0.191341716182545 0.461939766255643 -0.866025403784439
323	-0.353553390593274 0.353553390593274 -0.866025403784439
324	-0.461939766255643 0.191341716182545 -0.866025403784439
325	-0.5 3.06161699786838e-17 -0.866025403784439
326	-0.461939766255643 -0.191341716182545 -0.866025403784439
327	-0.353553390593274 -0.353553390593274 -0.866025403784439
328	-0.191341716182545 -0.461939766255643 -0.866025403784439
329	-6.12323399573677e-17 -0.5 -0.866025403784439
330	0.191341716182545 -0.461939766255644 -0.866025403784439
331	0.353553390593274 -0.353553390593274 -0.866025403784439
332	0.461939766255643 -0.191341716182545 -0.866025403784439
333	0.5 -9.18485099360515e-17 -0.866025403784439
334	0.461939766255643 0.191341716182545 -0.866025403784439
335	0.353553390593274 0.353553390593274 -0.866025403784439
336	0.191341716182545 0.461939766255643 -0.866025403784439
337	-0.0 0.866025403784439 -0.5
338	-0.331413574035592 0.800103145191266 -0.5
339	-0.612372435695794 0.612372435695795 -0.5
340	-0.800103145191266 0.331413574035592 -0.5
341	-0.866025403784439 5.30287619362453e-17 -0.5
342	-0.800103145191266 -0.331413574035592 -0.5
343	-0.612372435695795 -0.612372435695794 -0.5
344	-0.331413574035592 -0.800103145191266 -0.5
345	-1.06057523872491e-16 -0.866025403784439 -0.5
346	0.331413574035592 -0.800103145191266 -0.5
347	0.612372435695794 -0.612372435695795 -0.5
348	0.800103145191265 -0.331413574035592 -0.5
349	0.866025403784439 -1.59086285808736e-16 -0.5
350	0.800103145191265 0.331413574035592 -0.5
351	0.612372435695795 0.612372435695794 -0.5
352	0.331413574035592 0.800103145191265 -0.5
353	-0.0 1.0 0.0
354	-0.38268343236509 0.923879532511287 0.0
355	-0.707106781186547 0.707106781186548 0.0
356	-0.923879532511287 0.38268343236509 0.0
357	-1.0 6.12323399573677e-17 0.0
358	-0.923879532511287 -0.38268343236509 0.0
359	-0.707106781186548 -0.707106781186547 0.0
360	-0.38268343236509 -0.923879532511287 0.0
361	-1.22464679914735e-16 -1.0 0.0
362	0.38268343236509 -0.923879532511287 0.0
363	0.707106781186547 -0.707106781186548 0.0
364	0.923879532511287 -0.38268343236509 0.0
365	1.0 -1.83697019872103e-16 0.0
366	0.923879532511287 0.38268343236509 0.0
367	0.707106781186548 0.707106781186547 0.0
368	0.38268343236509 0.923879532511287 0.0
369	-0.0 0.866025403784439 0.5
370	-0.331413574035592 0.800103145191265 0.5
371	-0.612372435695794 0.612372435695795 0.5
372	-0.800103145191265 0.331413574035592 0.5
373	-0.866025403784439 5.30287619362453e-17 0.5
374	-0.800103145191265 -0.331413574035592 0.5
375	-0.612372435695795 -0.612372435695794 0.5
376	-0.331413574035592 -0.800103145191265 0.5
377	-1.06057523872491e-16 -0.866025403784439 0.5
378	0.331413574035592 -0.800103145191266 0.5
379	0.612372435695794 -0.612372435695795 0.5
380	0.800103145191265 -0.331413574035592 0.5
381	0.866025403784439 -1.59086285808736e-16 0.5
382	0.800103145191265 0.331413574035592 0.5
383	0.612372435695795 0.612372435695794 0.5
384	0.331413574035592 0.800103145191265 0.5
385	-0.0 0.5 0.866025403784439
386	-0.191341716182545 0.461939766255643 0.866025403784439
387	-0.353553390593274 0.353553390593274 0.866025403784439
388	-0.461939766255643 0.191341716182545 0.866025403784439
389	-0.5 3.06161699786838e-17 0.866025403784439
390	-0.461939766255643 -0.191341716182545 0.866025403784439
391	-0.353553390593274 -0.353553390593274 0.866025403784439
392	-0.191341716182545 -0.461939766255643 0.866025403784439
393	-6.12323399573677e-17 -0.5 0.866025403784439
394	0.191341716182545 -0.461939766255644 0.866025403784439
395	0.353553390593274 -0.353553390593274 0.866025403784439
396	0.461939766255643 -0.191341716182545 0.866025403784439
397	0.5 -9.18485099360515e-17 0.866025403784439
398	0.461939766255643 0.191341716182545 0.866025403784439
399	0.353553390593274 0.353553390593274 0.866025403784439
400	0.191341716182545 0.461939766255643 0.866025403784439
401	-0.0 0.5 -0.866025403784439
402	-0.191341716182545 0.461939766255643 -0.866025403784439
403	-0.353553390593274 0.353553390593274 -0.866025403784439
404	-0.461939766255643 0.191341716182545 -0.866025403784439
405	-0.5 3.06161699786838e-17 -0.866025403784439
406	-0.461939766255643 -0.191341716182545 -0.866025403784439
407	-0.353553390593274 -0.353553390593274 -0.866025403784439
408	-0.191341716182545 -0.461939766255643 -0.866025403784439
409	-6.12323399573677e-17 -0.5 -0.866025403784439
410	0.191341716182545 -0.461939766255644 -0.866025403784439
411	0.353553390593274 -0.353553390593274 -0.866025403784439
412	0.461939766255643 -0.191341716182545 -0.866025403784439
413	0.5 -9.18485099360515e-17 -0.866025403784439
414	0.461939766255643 0.191341716182545 -0.866025403784439
415	0.353553390593274 0.353553390593274 -0.866025403784439
416	0.191341716182545 0.461939766255643 -0.866025403784439
417	-0.0 0.866025403784439 -0.5
418	-0.331413574035592 0.800103145191266 -0.5
419	-0.612372435695794 0.612372435695795 -0.5
420	-0.800103145191266 0.331413574035592 -0.5
421	-0.866025403784439 5.30287619362453e-17 -0.5
422	-0.800103145191266 -0.331413574035592 -0.5
423	-0.612372435695795 -0.612372435695794 -0.5
424	-0.331413574035592 -0.800103145191266 -0.5
425	-1.06057523872491e-16 -0.866025403784439 -0.5
426	0.331413574035592 -0.800103145191266 -0.5
427	0.612372435695794 -0.612372435695795 -0.5
428	0.800103145191265 -0.331413574035592 -0.5
429	0.866025403784439 -1.59086285808736e-16 -0.5
430	0.800103145191265 0.331413574035592 -0.5
431	0.612372435695795 0.612372435695794 -0.5
432	0.331413574035592 0.800103145191265 -0.5
433	-0.0 1.0 0.0
434	-0.38268343236509 0.923879532511287 0.0
435	-0.707106781186547 0.707106781186548 0.0
436	-0.923879532511287 0.38268343236509 0.0
437	-1.0 6.12323399573677e-17 0.0
438	-0.923879532511287 -0.38268343236509 0.0
439	-0.707106781186548 -0.707106781186547 0.0
440	-0.38268343236509 -0.923879532511287 0.0
441	-1.22464679914735e-16 -1.0 0.0
442	0.38268343236509 -0.923879532511287 0.0
443	0.707106781186547 -0.707106781186548 0.0
444	0.923879532511287 -0.38268343236509 0.0
445	1.0 -1.83697019872103e-16 0.0
446	0.923879532511287 0.38268343236509 0.0
447	0.707106781186548 0.707106781186547 0.0
448	0.38268343236509 0.923879532511287 0.0
449	-0.0 0.866025403784439 0.5
450	-0.331413574035592 0.800103145191265 0.5
451	-0.612372435695794 0.612372435695795 0.5
452	-0.800103145191265 0.331413574035592 0.5
453	-0.866025403784439 5.30287619362453e-17 0.5
454	-0.800103145191265 -0.331413574035592 0.5
455	-0.612372435695795 -0.612372435695794 0.5
456	-0.331413574035592 -0.800103145191265 0.5
457	-1.06057523872491e-16 -0.866025403784439 0.5
458	0.331413574035592 -0.800103145191266 0.5
459	0.612372435695794 -0.612372435695795 0.5
460	0.800103145191265 -0.331413574035592 0.5
461	0.866025403784439 -1.59086285808736e-16 0.5
462	0.800103145191265 0.331413574035592 0.5
463	0.612372435695795 0.612372435695794 0.5
464	0.331413574035592 0.800103145191265 0.5
465	-0.0 0.5 0.866025403784439
466	-0.191341716182545 0.461939766255643 0.866025403784439
467	-0.353553390593274 0.353553390593274 0.866025403784439
468	-0.461939766255643 0.191341716182545 0.866025403784439
469	-0.5 3.06161699786838e-17 0.866025403784439
470	-0.461939766255643 -0.191341716182545 0.866025403784439
471	-0.353553390593274 -0.353553390593274 0.866025403784439
472	-0.191341716182545 -0.461939766255643 0.866025403784439
473	-6.12323399573677e-17 -0.5 0.866025403784439
474	0.191341716182545 -0.461939766255644 0.866025403784439
475	0.353553390593274 -0.353553390593274 0.866025403784439
476	0.461939766255643 -0.191341716182545 0.866025403784439
477	0.5 -9.18485099360515e-17 0.866025403784439
478	0.461939766255643 0.191341716182545 0.866025403784439
479	0.353553390593274 0.353553390593274 0.866025403784439
480	0.191341716182545 0.461939766255643 0.866025403784439
481	-0.0 0.5 -0.866025403784439
482	-0.191341716182545 0.461939766255643 -0.866025403784439
483	-0.353553390593274 0.353553390593274 -0.866025403784439
484	-0.461939766255643 0.191341716182545 -0.866025403784439
485	-0.5 3.06161699786838e-17 -0.866025403784439
486	-0.461939766255643 -0.191341716182545 -0.866025403784439
487	-0.353553390593274 -0.353553390593274 -0.866025403784439
488	-0.191341716182545 -0.461939766255643 -0.866025403784439
489	-6.12323399573677e-17 -0.5 -0.866025403784439
490	0.191341716182545 -0.461939766255644 -0.866025403784439
491	0.353553390593274 -0.353553390593274 -0.866025403784439
492	0.461939766255643 -0.191341716182545 -0.866025403784439
493	0.5 -9.18485099360515e-17 -0.866025403784439
494	0.461939766255643 0.191341716182545 -0.866025403784439
495	0.353553390593274 0.353553390593274 -0.866025403784439
496	0.191341716182545 0.461939766255643 -0.866025403784439
497	-0.0 0.866025403784439 -0.5
498	-0.331413574035592 0.800103145191266 -0.5
499	-0.612372435695794 0.612372435695795 -0.5
500	-0.800103145191266 0.331413574035592 -0.5
501	-0.866025403784439 5.30287619362453e-17 -0.5
502	-0.800103145191266 -0.331413574035592 -0.5
503	-0.612372435695795 -0.612372435695794 -0.5
504	-0.331413574035592 -0.800103145191266 -0.5
505	-1.06057523872491e-16 -0.866025403784439 -0.5
506	0.331413574035592 -0.800103145191266 -0.5
507	0.612372435695794 -0.612372435695795 -0.5
508	0.800103145191265 -0.331413574035592 -0.5
509	0.866025403784439 -1.59086285808736e-16 -0.5
510	0.800103145191265 0.331413574035592 -0.5
511	0.612372435695795 0.612372435695794 -0.5
512	0.331413574035592 0.800103145191265 -0.5
513	-0.0 1.0 0.0
514	-0.38268343236509 0.923879532511287 0.0
515	-0.707106781186547 0.707106781186548 0.0
516	-0.923879532511287 0.38268343236509 0.0
517	-1.0 6.12323399573677e-17 0.0
518	-0.923879532511287 -0.38268343236509 0.0
519	-0.707106781186548 -0.707106781186547 0.0
520	-0.38268343236509 -0.923879532511287 0.0
521	-1.22464679914735e-16 -1.0 0.0
522	0.38268343236509 -0.923879532511287 0.0
523	0.707106781186547 -0.707106781186548 0.0
524	0.923879532511287 -0.38268343236509 0.0
525	1.0 -1.83697019872103e-16 0.0
526	0.923879532511287 0.38268343236509 0.0
527	0.707106781186548 0.707106781186547 0.0
528	0.38268343236509 0.923879532511287 0.0
529	-0.0 0.866025403784439 0.5
530	-0.331413574035592 0.800103145191265 0.5
531	-0.612372435695794 0.612372435695795 0.5
532	-0.800103145191265 0.331413574035592 0.5
533	-0.866025403784439 5.30287619362453e-17 0.5
534	-0.800103145191265 -0.331413574035592 0.5
535	-0.612372435695795 -0.612372435695794 0.5
536	-0.331413574035592 -0.800103145191265 0.5
537	-1.06057523872491e-16 -0.866025403784439 0.5
538	0.331413574035592 -0.800103145191266 0.5
539	0.612372435695794 -0.612372435695795 0.5
540	0.800103145191265 -0.331413574035592 0.5
541	0.866025403784439 -1.59086285808736e-16 0.5
542	0.800103145191265 0.331413574035592 0.5
543	0.612372435695795 0.612372435695794 0.5
544	0.331413574035592 0.800103145191265 0.5
545	-0.0 0.5 0.866025403784439
546	-0.191341716182545 0.461939766255643 0.866025403784439
547	-0.353553390593274 0.353553390593274 0.866025403784439
548	-0.461939766255643 0.191341716182545 0.866025403784439
549	-0.5 3.06161699786838e-17 0.866025403784439
550	-0.461939766255643 -0.191341716182545 0.866025403784439
551	-0.353553390593274 -0.353553390593274 0.866025403784439
552	-0.191341716182545 -0.461939766255643 0.866025403784439
553	-6.12323399573677e-17 -0.5 0.866025403784439
554	0.191341716182545 -0.461939766255644 0.866025403784439
555	0.353553390593274 -0.353553390593274 0.866025403784439
556	0.461939766255643 -0.191341716182545 0.866025403784439
557	0.5 -9.18485099360515e-17 0.866025403784439
558	0.461939766255643 0.191341716182545 0.866025403784439
559	0.353553390593274 0.353553390593274 0.866025403784439
560	0.191341716182545 0.461939766255643 0.866025403784439
561	-0.0 0.5 -0.866025403784439
562	-0.191341716182545 0.461939766255643 -0.866025403784439
563	-0.353553390593274 0.353553390593274 -0.866025403784439
564	-0.461939766255643 0.191341716182545 -0.866025403784439
565	-0.5 3.06161699786838e-17 -0.866025403784439
566	-0.461939766255643 -0.191341716182545 -0.866025403784439
567	-0.353553390593274 -0.353553390593274 -0.866025403784439
568	-0.191341716182545 -0.461939766255643 -0.866025403784439
569	-6.12323399573677e-17 -0.5 -0.866025403784439
570	0.191341716182545 -0.461939766255644 -0.866025403784439
571	0.353553390593274 -0.353553390593274 -0.866025403784439
572	0.461939766255643 -0.191341716182545 -0.866025403784439
573	0.5 -9.18485099360515e-17 -0.866025403784439
574	0.461939766255643 0.191341716182545 -0.866025403784439
575	0.353553390593274 0.353553390593274 -0.866025403784439
576	0.191341716182545 0.461939766255643 -0.866025403784439
577	-0.0 0.866025403784439 -0.5
578	-0.331413574035592 0.800103145191266 -0.5
579	-0.612372435695794 0.612372435695795 -0.5
580	-0.800103145191266 0.331413574035592 -0.5
581	-0.866025403784439 5.30287619362453e-17 -0.5
582	-0.800103145191266 -0.331413574035592 -0.5
583	-0.612372435695795 -0.612372435695794 -0.5
584	-0.331413574035592 -0.800103145191266 -0.5
585	-1.06057523872491e-16 -0.866025403784439 -0.5
586	0.331413574035592 -0.800103145191266 -0.5
587	0.612372435695794 -0.612372435695795 -0.5
588	0.800103145191265 -0.331413574035592 -0.5
589	0.866025403784439 -1.59086285808736e-16 -0.5
590	0.800103145191265 0.331413574035592 -0.5
591	0.612372435695795 0.612372435695794 -0.5
592	0.331413574035592 0.800103145191265 -0.5
593	-0.0 1.0 0.0
594	-0.38268343236509 0.923879532511287 0.0
595	-0.707106781186547 0.707106781186548 0.0
596	-0.923879532511287 0.38268343236509 0.0
597	-1.0 6.12323399573677e-17 0.0
598	-0.923879532511287 -0.38268343236509 0.0
599	-0.707106781186548 -0.707106781186547 0.0
600	-0.38268343236509 -0.923879532511287 0.0
601	-1.22464679914735e-16 -1.0 0.0
602	0.38268343236509 -0.923879532511287 0.0
603	0.707106781186547 -0.707106781186548 0.0
604	0.923879532511287 -0.38268343236509 0.0
605	1.0 -1.83697019872103e-16 0.0
606	0.923879532511287 0.38268343236509 0.0
607	0.707106781186548 0.707106781186547 0.0
608	0.38268343236509 0.923879532511287 0.0
609	-0.0 0.866025403784439 0.5
610	-0.331413574035592 0.800103145191265 0.5
611	-0.612372435695794 0.612372435695795 0.5
612	-0.800103145191265 0.331413574035592 0.5
613	-0.866025403784439 5.30287619362453e-17 0.5
614	-0.800103145191265 -0.331413574035592 0.5
615	-0.612372435695795 -0.612372435695794 0.5
616	-0.331413574035592 -0.800103145191265 0.5
617	-1.06057523872491e-16 -0.866025403784439 0.5
618	0.331413574035592 -0.800103145191266 0.5
619	0.612372435695794 -0.612372435695795 0.5
620	0.800103145191265 -0.331413574035592 0.5
621	0.866025403784439 -1.59086285808736e-16 0.5
622	0.800103145191265 0.331413574035592 0.5
623	0.612372435695795 0.612372435695794 0.5
624	0.331413574035592 0.800103145191265 0.5
625	-0.0 0.5 0.866025403784439
626	-0.191341716182545 0.461939766255643 0.866025403784439
627	-0.353553390593274 0.353553390593274 0.866025403784439
628	-0.461939766255643 0.191341716182545 0.866025403784439
629	-0.5 3.06161699786838e-17 0.866025403784439
630	-0.461939766255643 -0.191341716182545 0.866025403784439
631	-0.353553390593274 -0.353553390593274 0.866025403784439
632	-0.191341716182545 -0.461939766255643 0.866025403784439
633	-6.12323399573677e-17 -0.5 0.866025403784439
634	0.191341716182545 -0.461939766255644 0.866025403784439
635	0.353553390593274 -0.353553390593274 0.866025403784439
636	0.461939766255643 -0.191341716182545 0.866025403784439
637	0.5 -9.18485099360515e-17 0.866025403784439
638	0.461939766255643 0.191341716182545 0.866025403784439
639	0.353553390593274 0.353553390593274 0.866025403784439
640	0.191341716182545 0.461939766255643 0.866025403784439
641	-0.0 0.5 -0.866025403784439
642	-0.191341716182545 0.461939766255643 -0.866025403784439
643	-0.353553390593274 0.353553390593274 -0.866025403784439
644	-0.461939766255643 0.191341716182545 -0.866025403784439
645	-0.5 3.06161699786838e-17 -0.866025403784439
646	-0.461939766255643 -0.191341716182545 -0.866025403784439
647	-0.353553390593274 -0.353553390593274 -0.866025403784439
648	-0.191341716182545 -0.461939766255643 -0.866025403784439
649	-6.12323399573677e-17 -0.5 -0.866025403784439
650	0.191341716182545 -0.461939766255644 -0.866025403784439
651	0.353553390593274 -0.353553390593274 -0.866025403784439
652	0.461939766255643 -0.191341716182545 -0.866025403784439
653	0.5 -9.18485099360515e-17 -0.866025403784439
654	0.461939766255643 0.191341716182545 -0.866025403784439
655	0.353553390593274 0.353553390593274 -0.866025403784439
656	0.191341716182545 0.461939766255643 -0.866025403784439
657	-0.0 0.866025403784439 -0.5
658	-0.331413574035592 0.800103145191266 -0.5
659	-0.612372435695794 0.612372435695795 -0.5
660	-0.800103145191266 0.331413574035592 -0.5
661	-0.866025403784439 5.30287619362453e-17 -0.5
662	-0.800103145191266 -0.331413574035592 -0.5
663	-0.612372435695795 -0.612372435695794 -0.5
664	-0.331413574035592 -0.800103145191266 -0.5
665	-1.06057523872491e-16 -0.866025403784439 -0.5
666	0.331413574035592 -0.800103145191266 -0.5
667	0.612372435695794 -0.612372435695795 -0.5
668	0.800103145191265 -0.331413574035592 -0.5
669	0.866025403784439 -1.59086285808736e-16 -0.5
670	0.800103145191265 0.331413574035592 -0.5
671	0.612372435695795 0.612372435695794 -0.5
672	0.331413574035592 0.800103145191265 -0.5
673	-0.0 1.0 0.0
674	-0.38268343236509 0.923879532511287 0.0
675	-0.707106781186547 0.707106781186548 0.0
676	-0.923879532511287 0.38268343236509 0.0
677	-1.0 6.12323399573677e-17 0.0
678	-0.923879532511287 -0.38268343236509 0.0
679	-0.707106781186548 -0.707106781186547 0.0
680	-0.38268343236509 -0.923879532511287 0.0
681	-1.22464679914735e-16 -1.0 0.0
682	0.38268343236509 -0.923879532511287 0.0
683	0.707106781186547 -0.707106781186548 0.0
684	0.923879532511287 -0.38268343236509 0.0
685	1.0 -1.83697019872103e-16 0.0
686	0.923879532511287 0.38268343236509 0.0
687	0.707106781186548 0.707106781186547 0.0
688	0.38268343236509 0.923879532511287 0.0
689	-0.0 0.866025403784439 0.5
690	-0.331413574035592 0.800103145191265 0.5
691	-0.612372435695794 0.612372435695795 0.5
692	-0.800103145191265 0.331413574035592 0.5
693	-0.866025403784439 5.30287619362453e-17 0.5
694	-0.800103145191265 -0.331413574035592 0.5
695	-0.612372435695795 -0.612372435695794 0.5
696	-0.331413574035592 -0.800103145191265 0.5
697	-1.06057523872491e-16 -0.866025403784439 0.5
698	0.331413574035592 -0.800103145191266 0.5
699	0.612372435695794 -0.612372435695795 0.5
700	0.800103145191265 -0.331413574035592 0.5
701	0.866025403784439 -1.59086285808736e-16 0.5
702	0.800103145191265 0.331413574035592 0.5
703	0.612372435695795 0.612372435695794 0.5
704	0.331413574035592 0.800103145191265 0.5
705	-0.0 0.5 0.866025403784439
706	-0.191341716182545 0.461939766255643 0.866025403784439
707	-0.353553390593274 0.353553390593274 0.866025403784439
708	-0.461939766255643 0.191341716182545 0.866025403784439
709	-0.5 3.06161699786838e-17 0.866025403784439
710	-0.461939766255643 -0.191341716182545 0.866025403784439
711	-0.353553390593274 -0.353553390593274 0.866025403784439
712	-0.191341716182545 -0.461939766255643 0.866025403784439
713	-6.12323399573677e-17 -0.5 0.866025403784439
714	0.191341716182545 -0.461939766255644 0.866025403784439
715	0.353553390593274 -0.353553390593274 0.866025403784439
716	0.461939766255643 -0.191341716182545 0.866025403784439
717	0.5 -9.18485099360515e-17 0.866025403784439
718	0.461939766255643 0.191341716182545 0.866025403784439
719	0.353553390593274 0.353553390593274 0.866025403784439
720	0.191341716182545 0.461939766255643 0.866025403784439
