#number_of_nodes
63
#number_of_coordinate_dimensions
3
#nodes
         0         0         0
    1.0000         0         0
         0    1.0000         0
    1.0000    1.0000         0
         0         0    1.0000
    1.0000         0    1.0000
         0    1.0000    1.0000
    1.0000    1.0000    1.0000
         0         0    2.0000
    1.0000         0    2.0000
         0    1.0000    2.0000
    1.0000    1.0000    2.0000
         0         0    3.0000
    1.0000         0    3.0000
         0    1.0000    3.0000
    1.0000    1.0000    3.0000
    0.5000         0         0
         0    0.5000         0
    0.5000    0.5000         0
    1.0000    0.5000         0
    0.5000    1.0000         0
         0         0    0.5000
    0.5000         0    0.5000
    1.0000         0    0.5000
         0    0.5000    0.5000
    0.5000    0.5000    0.5000
    1.0000    0.5000    0.5000
         0    1.0000    0.5000
    0.5000    1.0000    0.5000
    1.0000    1.0000    0.5000
    0.5000         0    1.0000
         0    0.5000    1.0000
    0.5000    0.5000    1.0000
    1.0000    0.5000    1.0000
    0.5000    1.0000    1.0000
         0         0    1.5000
    0.5000         0    1.5000
    1.0000         0    1.5000
         0    0.5000    1.5000
    0.5000    0.5000    1.5000
    1.0000    0.5000    1.5000
         0    1.0000    1.5000
    0.5000    1.0000    1.5000
    1.0000    1.0000    1.5000
    0.5000         0    2.0000
         0    0.5000    2.0000
    0.5000    0.5000    2.0000
    1.0000    0.5000    2.0000
    0.5000    1.0000    2.0000
         0         0    2.5000
    0.5000         0    2.5000
    1.0000         0    2.5000
         0    0.5000    2.5000
    0.5000    0.5000    2.5000
    1.0000    0.5000    2.5000
         0    1.0000    2.5000
    0.5000    1.0000    2.5000
    1.0000    1.0000    2.5000
    0.5000         0    3.0000
         0    0.5000    3.0000
    0.5000    0.5000    3.0000
    1.0000    0.5000    3.0000
    0.5000    1.0000    3.0000
