178
1 301 2 306 307 308 7 317 8 449 450 451 460 461 462 471 472 473 61 657 62 662 663 664 67 673 68 
2 302 3 308 309 310 8 318 9 451 452 453 462 463 464 473 474 475 62 658 63 664 665 666 68 674 69 
3 303 4 310 311 312 9 319 10 453 454 455 464 465 466 475 476 477 63 659 64 666 667 668 69 675 70 
4 304 5 312 313 314 10 320 11 455 456 457 466 467 468 477 478 479 64 660 65 668 669 670 70 676 71 
5 305 6 314 315 316 11 321 12 457 458 459 468 469 470 479 480 481 65 661 66 670 671 672 71 677 72 
7 317 8 322 323 324 13 333 14 471 472 473 482 483 484 493 494 495 67 673 68 678 679 680 73 689 74 
8 318 9 324 325 326 14 334 15 473 474 475 484 485 486 495 496 497 68 674 69 680 681 682 74 690 75 
9 319 10 326 327 328 15 335 16 475 476 477 486 487 488 497 498 499 69 675 70 682 683 684 75 691 76 
10 320 11 328 329 330 16 336 17 477 478 479 488 489 490 499 500 501 70 676 71 684 685 686 76 692 77 
11 321 12 330 331 332 17 337 18 479 480 481 490 491 492 501 502 503 71 677 72 686 687 688 77 693 78 
13 333 14 338 339 340 19 349 20 493 494 495 504 505 506 515 516 517 73 689 74 694 695 696 79 705 80 
14 334 15 340 341 342 20 350 21 495 496 497 506 507 508 517 518 519 74 690 75 696 697 698 80 706 81 
15 335 16 342 343 344 21 351 22 497 498 499 508 509 510 519 520 521 75 691 76 698 699 700 81 707 82 
16 336 17 344 345 346 22 352 23 499 500 501 510 511 512 521 522 523 76 692 77 700 701 702 82 708 83 
17 337 18 346 347 348 23 353 24 501 502 503 512 513 514 523 524 525 77 693 78 702 703 704 83 709 84 
19 349 20 354 355 356 25 365 26 515 516 517 526 527 528 537 538 539 79 705 80 710 711 712 85 721 86 
20 350 21 356 357 358 26 366 27 517 518 519 528 529 530 539 540 541 80 706 81 712 713 714 86 722 87 
21 351 22 358 359 360 27 367 28 519 520 521 530 531 532 541 542 543 81 707 82 714 715 716 87 723 88 
22 352 23 360 361 362 28 368 29 521 522 523 532 533 534 543 544 545 82 708 83 716 717 718 88 724 89 
23 353 24 362 363 364 29 369 30 523 524 525 534 535 536 545 546 547 83 709 84 718 719 720 89 725 90 
25 365 26 370 371 372 31 380 32 537 538 539 548 549 550 558 559 560 85 721 86 726 727 728 91 736 92 
26 366 27 372 373 374 32 381 33 539 540 541 550 551 552 560 561 562 86 722 87 728 729 730 92 737 93 
28 368 29 375 376 377 34 383 35 543 544 545 553 554 555 564 565 566 88 724 89 731 732 733 94 739 95 
29 369 30 377 378 379 35 384 36 545 546 547 555 556 557 566 567 568 89 725 90 733 734 735 95 740 96 
31 380 32 385 386 387 37 396 38 558 559 560 569 570 571 580 581 582 91 736 92 741 742 743 97 752 98 
32 381 33 387 388 389 38 397 39 560 561 562 571 572 573 582 583 584 92 737 93 743 744 745 98 753 99 
33 382 34 389 390 391 39 398 40 562 563 564 573 574 575 584 585 586 93 738 94 745 746 747 99 754 100 
34 383 35 391 392 393 40 399 41 564 565 566 575 576 577 586 587 588 94 739 95 747 748 749 100 755 101 
35 384 36 393 394 395 41 400 42 566 567 568 577 578 579 588 589 590 95 740 96 749 750 751 101 756 102 
37 396 38 401 402 403 43 412 44 580 581 582 591 592 593 602 603 604 97 752 98 757 758 759 103 768 104 
38 397 39 403 404 405 44 413 45 582 583 584 593 594 595 604 605 606 98 753 99 759 760 761 104 769 105 
39 398 40 405 406 407 45 414 46 584 585 586 595 596 597 606 607 608 99 754 100 761 762 763 105 770 106 
40 399 41 407 408 409 46 415 47 586 587 588 597 598 599 608 609 610 100 755 101 763 764 765 106 771 107 
41 400 42 409 410 411 47 416 48 588 589 590 599 600 601 610 611 612 101 756 102 765 766 767 107 772 108 
43 412 44 417 418 419 49 428 50 602 603 604 613 614 615 624 625 626 103 768 104 773 774 775 109 784 110 
44 413 45 419 420 421 50 429 51 604 605 606 615 616 617 626 627 628 104 769 105 775 776 777 110 785 111 
45 414 46 421 422 423 51 430 52 606 607 608 617 618 619 628 629 630 105 770 106 777 778 779 111 786 112 
46 415 47 423 424 425 52 431 53 608 609 610 619 620 621 630 631 632 106 771 107 779 780 781 112 787 113 
47 416 48 425 426 427 53 432 54 610 611 612 621 622 623 632 633 634 107 772 108 781 782 783 113 788 114 
49 428 50 433 434 435 55 444 56 624 625 626 635 636 637 646 647 648 109 784 110 789 790 791 115 800 116 
50 429 51 435 436 437 56 445 57 626 627 628 637 638 639 648 649 650 110 785 111 791 792 793 116 801 117 
51 430 52 437 438 439 57 446 58 628 629 630 639 640 641 650 651 652 111 786 112 793 794 795 117 802 118 
52 431 53 439 440 441 58 447 59 630 631 632 641 642 643 652 653 654 112 787 113 795 796 797 118 803 119 
53 432 54 441 442 443 59 448 60 632 633 634 643 644 645 654 655 656 113 788 114 797 798 799 119 804 120 
61 657 62 662 663 664 67 673 68 805 806 807 816 817 818 827 828 829 121 1013 122 1018 1019 1020 127 1029 128 
62 658 63 664 665 666 68 674 69 807 808 809 818 819 820 829 830 831 122 1014 123 1020 1021 1022 128 1030 129 
63 659 64 666 667 668 69 675 70 809 810 811 820 821 822 831 832 833 123 1015 124 1022 1023 1024 129 1031 130 
64 660 65 668 669 670 70 676 71 811 812 813 822 823 824 833 834 835 124 1016 125 1024 1025 1026 130 1032 131 
65 661 66 670 671 672 71 677 72 813 814 815 824 825 826 835 836 837 125 1017 126 1026 1027 1028 131 1033 132 
67 673 68 678 679 680 73 689 74 827 828 829 838 839 840 849 850 851 127 1029 128 1034 1035 1036 133 1045 134 
68 674 69 680 681 682 74 690 75 829 830 831 840 841 842 851 852 853 128 1030 129 1036 1037 1038 134 1046 135 
69 675 70 682 683 684 75 691 76 831 832 833 842 843 844 853 854 855 129 1031 130 1038 1039 1040 135 1047 136 
70 676 71 684 685 686 76 692 77 833 834 835 844 845 846 855 856 857 130 1032 131 1040 1041 1042 136 1048 137 
71 677 72 686 687 688 77 693 78 835 836 837 846 847 848 857 858 859 131 1033 132 1042 1043 1044 137 1049 138 
73 689 74 694 695 696 79 705 80 849 850 851 860 861 862 871 872 873 133 1045 134 1050 1051 1052 139 1061 140 
74 690 75 696 697 698 80 706 81 851 852 853 862 863 864 873 874 875 134 1046 135 1052 1053 1054 140 1062 141 
75 691 76 698 699 700 81 707 82 853 854 855 864 865 866 875 876 877 135 1047 136 1054 1055 1056 141 1063 142 
76 692 77 700 701 702 82 708 83 855 856 857 866 867 868 877 878 879 136 1048 137 1056 1057 1058 142 1064 143 
77 693 78 702 703 704 83 709 84 857 858 859 868 869 870 879 880 881 137 1049 138 1058 1059 1060 143 1065 144 
79 705 80 710 711 712 85 721 86 871 872 873 882 883 884 893 894 895 139 1061 140 1066 1067 1068 145 1077 146 
80 706 81 712 713 714 86 722 87 873 874 875 884 885 886 895 896 897 140 1062 141 1068 1069 1070 146 1078 147 
81 707 82 714 715 716 87 723 88 875 876 877 886 887 888 897 898 899 141 1063 142 1070 1071 1072 147 1079 148 
82 708 83 716 717 718 88 724 89 877 878 879 888 889 890 899 900 901 142 1064 143 1072 1073 1074 148 1080 149 
83 709 84 718 719 720 89 725 90 879 880 881 890 891 892 901 902 903 143 1065 144 1074 1075 1076 149 1081 150 
85 721 86 726 727 728 91 736 92 893 894 895 904 905 906 914 915 916 145 1077 146 1082 1083 1084 151 1093 152 
86 722 87 728 729 730 92 737 93 895 896 897 906 907 908 916 917 918 146 1078 147 1084 1085 1086 152 1094 153 
88 724 89 731 732 733 94 739 95 899 900 901 909 910 911 920 921 922 148 1080 149 1088 1089 1090 154 1096 155 
89 725 90 733 734 735 95 740 96 901 902 903 911 912 913 922 923 924 149 1081 150 1090 1091 1092 155 1097 156 
91 736 92 741 742 743 97 752 98 914 915 916 925 926 927 936 937 938 151 1093 152 1098 1099 1100 157 1109 158 
92 737 93 743 744 745 98 753 99 916 917 918 927 928 929 938 939 940 152 1094 153 1100 1101 1102 158 1110 159 
93 738 94 745 746 747 99 754 100 918 919 920 929 930 931 940 941 942 153 1095 154 1102 1103 1104 159 1111 160 
94 739 95 747 748 749 100 755 101 920 921 922 931 932 933 942 943 944 154 1096 155 1104 1105 1106 160 1112 161 
95 740 96 749 750 751 101 756 102 922 923 924 933 934 935 944 945 946 155 1097 156 1106 1107 1108 161 1113 162 
97 752 98 757 758 759 103 768 104 936 937 938 947 948 949 958 959 960 157 1109 158 1114 1115 1116 163 1125 164 
98 753 99 759 760 761 104 769 105 938 939 940 949 950 951 960 961 962 158 1110 159 1116 1117 1118 164 1126 165 
99 754 100 761 762 763 105 770 106 940 941 942 951 952 953 962 963 964 159 1111 160 1118 1119 1120 165 1127 166 
100 755 101 763 764 765 106 771 107 942 943 944 953 954 955 964 965 966 160 1112 161 1120 1121 1122 166 1128 167 
101 756 102 765 766 767 107 772 108 944 945 946 955 956 957 966 967 968 161 1113 162 1122 1123 1124 167 1129 168 
103 768 104 773 774 775 109 784 110 958 959 960 969 970 971 980 981 982 163 1125 164 1130 1131 1132 169 1141 170 
104 769 105 775 776 777 110 785 111 960 961 962 971 972 973 982 983 984 164 1126 165 1132 1133 1134 170 1142 171 
105 770 106 777 778 779 111 786 112 962 963 964 973 974 975 984 985 986 165 1127 166 1134 1135 1136 171 1143 172 
106 771 107 779 780 781 112 787 113 964 965 966 975 976 977 986 987 988 166 1128 167 1136 1137 1138 172 1144 173 
107 772 108 781 782 783 113 788 114 966 967 968 977 978 979 988 989 990 167 1129 168 1138 1139 1140 173 1145 174 
109 784 110 789 790 791 115 800 116 980 981 982 991 992 993 1002 1003 1004 169 1141 170 1146 1147 1148 175 1157 176 
110 785 111 791 792 793 116 801 117 982 983 984 993 994 995 1004 1005 1006 170 1142 171 1148 1149 1150 176 1158 177 
111 786 112 793 794 795 117 802 118 984 985 986 995 996 997 1006 1007 1008 171 1143 172 1150 1151 1152 177 1159 178 
112 787 113 795 796 797 118 803 119 986 987 988 997 998 999 1008 1009 1010 172 1144 173 1152 1153 1154 178 1160 179 
113 788 114 797 798 799 119 804 120 988 989 990 999 1000 1001 1010 1011 1012 173 1145 174 1154 1155 1156 179 1161 180 
121 1013 122 1018 1019 1020 127 1029 128 1162 1163 1164 1173 1174 1175 1184 1185 1186 181 1371 182 1376 1377 1378 187 1387 188 
122 1014 123 1020 1021 1022 128 1030 129 1164 1165 1166 1175 1176 1177 1186 1187 1188 182 1372 183 1378 1379 1380 188 1388 189 
123 1015 124 1022 1023 1024 129 1031 130 1166 1167 1168 1177 1178 1179 1188 1189 1190 183 1373 184 1380 1381 1382 189 1389 190 
124 1016 125 1024 1025 1026 130 1032 131 1168 1169 1170 1179 1180 1181 1190 1191 1192 184 1374 185 1382 1383 1384 190 1390 191 
125 1017 126 1026 1027 1028 131 1033 132 1170 1171 1172 1181 1182 1183 1192 1193 1194 185 1375 186 1384 1385 1386 191 1391 192 
127 1029 128 1034 1035 1036 133 1045 134 1184 1185 1186 1195 1196 1197 1206 1207 1208 187 1387 188 1392 1393 1394 193 1403 194 
128 1030 129 1036 1037 1038 134 1046 135 1186 1187 1188 1197 1198 1199 1208 1209 1210 188 1388 189 1394 1395 1396 194 1404 195 
129 1031 130 1038 1039 1040 135 1047 136 1188 1189 1190 1199 1200 1201 1210 1211 1212 189 1389 190 1396 1397 1398 195 1405 196 
130 1032 131 1040 1041 1042 136 1048 137 1190 1191 1192 1201 1202 1203 1212 1213 1214 190 1390 191 1398 1399 1400 196 1406 197 
131 1033 132 1042 1043 1044 137 1049 138 1192 1193 1194 1203 1204 1205 1214 1215 1216 191 1391 192 1400 1401 1402 197 1407 198 
133 1045 134 1050 1051 1052 139 1061 140 1206 1207 1208 1217 1218 1219 1228 1229 1230 193 1403 194 1408 1409 1410 199 1419 200 
134 1046 135 1052 1053 1054 140 1062 141 1208 1209 1210 1219 1220 1221 1230 1231 1232 194 1404 195 1410 1411 1412 200 1420 201 
135 1047 136 1054 1055 1056 141 1063 142 1210 1211 1212 1221 1222 1223 1232 1233 1234 195 1405 196 1412 1413 1414 201 1421 202 
136 1048 137 1056 1057 1058 142 1064 143 1212 1213 1214 1223 1224 1225 1234 1235 1236 196 1406 197 1414 1415 1416 202 1422 203 
137 1049 138 1058 1059 1060 143 1065 144 1214 1215 1216 1225 1226 1227 1236 1237 1238 197 1407 198 1416 1417 1418 203 1423 204 
139 1061 140 1066 1067 1068 145 1077 146 1228 1229 1230 1239 1240 1241 1250 1251 1252 199 1419 200 1424 1425 1426 205 1435 206 
140 1062 141 1068 1069 1070 146 1078 147 1230 1231 1232 1241 1242 1243 1252 1253 1254 200 1420 201 1426 1427 1428 206 1436 207 
141 1063 142 1070 1071 1072 147 1079 148 1232 1233 1234 1243 1244 1245 1254 1255 1256 201 1421 202 1428 1429 1430 207 1437 208 
142 1064 143 1072 1073 1074 148 1080 149 1234 1235 1236 1245 1246 1247 1256 1257 1258 202 1422 203 1430 1431 1432 208 1438 209 
143 1065 144 1074 1075 1076 149 1081 150 1236 1237 1238 1247 1248 1249 1258 1259 1260 203 1423 204 1432 1433 1434 209 1439 210 
145 1077 146 1082 1083 1084 151 1093 152 1250 1251 1252 1261 1262 1263 1272 1273 1274 205 1435 206 1440 1441 1442 211 1451 212 
146 1078 147 1084 1085 1086 152 1094 153 1252 1253 1254 1263 1264 1265 1274 1275 1276 206 1436 207 1442 1443 1444 212 1452 213 
147 1079 148 1086 1087 1088 153 1095 154 1254 1255 1256 1265 1266 1267 1276 1277 1278 207 1437 208 1444 1445 1446 213 1453 214 
148 1080 149 1088 1089 1090 154 1096 155 1256 1257 1258 1267 1268 1269 1278 1279 1280 208 1438 209 1446 1447 1448 214 1454 215 
149 1081 150 1090 1091 1092 155 1097 156 1258 1259 1260 1269 1270 1271 1280 1281 1282 209 1439 210 1448 1449 1450 215 1455 216 
151 1093 152 1098 1099 1100 157 1109 158 1272 1273 1274 1283 1284 1285 1294 1295 1296 211 1451 212 1456 1457 1458 217 1467 218 
152 1094 153 1100 1101 1102 158 1110 159 1274 1275 1276 1285 1286 1287 1296 1297 1298 212 1452 213 1458 1459 1460 218 1468 219 
153 1095 154 1102 1103 1104 159 1111 160 1276 1277 1278 1287 1288 1289 1298 1299 1300 213 1453 214 1460 1461 1462 219 1469 220 
154 1096 155 1104 1105 1106 160 1112 161 1278 1279 1280 1289 1290 1291 1300 1301 1302 214 1454 215 1462 1463 1464 220 1470 221 
155 1097 156 1106 1107 1108 161 1113 162 1280 1281 1282 1291 1292 1293 1302 1303 1304 215 1455 216 1464 1465 1466 221 1471 222 
157 1109 158 1114 1115 1116 163 1125 164 1294 1295 1296 1305 1306 1307 1316 1317 1318 217 1467 218 1472 1473 1474 223 1483 224 
158 1110 159 1116 1117 1118 164 1126 165 1296 1297 1298 1307 1308 1309 1318 1319 1320 218 1468 219 1474 1475 1476 224 1484 225 
159 1111 160 1118 1119 1120 165 1127 166 1298 1299 1300 1309 1310 1311 1320 1321 1322 219 1469 220 1476 1477 1478 225 1485 226 
160 1112 161 1120 1121 1122 166 1128 167 1300 1301 1302 1311 1312 1313 1322 1323 1324 220 1470 221 1478 1479 1480 226 1486 227 
161 1113 162 1122 1123 1124 167 1129 168 1302 1303 1304 1313 1314 1315 1324 1325 1326 221 1471 222 1480 1481 1482 227 1487 228 
163 1125 164 1130 1131 1132 169 1141 170 1316 1317 1318 1327 1328 1329 1338 1339 1340 223 1483 224 1488 1489 1490 229 1499 230 
164 1126 165 1132 1133 1134 170 1142 171 1318 1319 1320 1329 1330 1331 1340 1341 1342 224 1484 225 1490 1491 1492 230 1500 231 
165 1127 166 1134 1135 1136 171 1143 172 1320 1321 1322 1331 1332 1333 1342 1343 1344 225 1485 226 1492 1493 1494 231 1501 232 
166 1128 167 1136 1137 1138 172 1144 173 1322 1323 1324 1333 1334 1335 1344 1345 1346 226 1486 227 1494 1495 1496 232 1502 233 
167 1129 168 1138 1139 1140 173 1145 174 1324 1325 1326 1335 1336 1337 1346 1347 1348 227 1487 228 1496 1497 1498 233 1503 234 
169 1141 170 1146 1147 1148 175 1157 176 1338 1339 1340 1349 1350 1351 1360 1361 1362 229 1499 230 1504 1505 1506 235 1515 236 
170 1142 171 1148 1149 1150 176 1158 177 1340 1341 1342 1351 1352 1353 1362 1363 1364 230 1500 231 1506 1507 1508 236 1516 237 
171 1143 172 1150 1151 1152 177 1159 178 1342 1343 1344 1353 1354 1355 1364 1365 1366 231 1501 232 1508 1509 1510 237 1517 238 
172 1144 173 1152 1153 1154 178 1160 179 1344 1345 1346 1355 1356 1357 1366 1367 1368 232 1502 233 1510 1511 1512 238 1518 239 
173 1145 174 1154 1155 1156 179 1161 180 1346 1347 1348 1357 1358 1359 1368 1369 1370 233 1503 234 1512 1513 1514 239 1519 240 
181 1371 182 1376 1377 1378 187 1387 188 1520 1521 1522 1531 1532 1533 1542 1543 1544 241 1729 242 1734 1735 1736 247 1745 248 
182 1372 183 1378 1379 1380 188 1388 189 1522 1523 1524 1533 1534 1535 1544 1545 1546 242 1730 243 1736 1737 1738 248 1746 249 
183 1373 184 1380 1381 1382 189 1389 190 1524 1525 1526 1535 1536 1537 1546 1547 1548 243 1731 244 1738 1739 1740 249 1747 250 
184 1374 185 1382 1383 1384 190 1390 191 1526 1527 1528 1537 1538 1539 1548 1549 1550 244 1732 245 1740 1741 1742 250 1748 251 
185 1375 186 1384 1385 1386 191 1391 192 1528 1529 1530 1539 1540 1541 1550 1551 1552 245 1733 246 1742 1743 1744 251 1749 252 
187 1387 188 1392 1393 1394 193 1403 194 1542 1543 1544 1553 1554 1555 1564 1565 1566 247 1745 248 1750 1751 1752 253 1761 254 
188 1388 189 1394 1395 1396 194 1404 195 1544 1545 1546 1555 1556 1557 1566 1567 1568 248 1746 249 1752 1753 1754 254 1762 255 
189 1389 190 1396 1397 1398 195 1405 196 1546 1547 1548 1557 1558 1559 1568 1569 1570 249 1747 250 1754 1755 1756 255 1763 256 
190 1390 191 1398 1399 1400 196 1406 197 1548 1549 1550 1559 1560 1561 1570 1571 1572 250 1748 251 1756 1757 1758 256 1764 257 
191 1391 192 1400 1401 1402 197 1407 198 1550 1551 1552 1561 1562 1563 1572 1573 1574 251 1749 252 1758 1759 1760 257 1765 258 
193 1403 194 1408 1409 1410 199 1419 200 1564 1565 1566 1575 1576 1577 1586 1587 1588 253 1761 254 1766 1767 1768 259 1777 260 
194 1404 195 1410 1411 1412 200 1420 201 1566 1567 1568 1577 1578 1579 1588 1589 1590 254 1762 255 1768 1769 1770 260 1778 261 
195 1405 196 1412 1413 1414 201 1421 202 1568 1569 1570 1579 1580 1581 1590 1591 1592 255 1763 256 1770 1771 1772 261 1779 262 
196 1406 197 1414 1415 1416 202 1422 203 1570 1571 1572 1581 1582 1583 1592 1593 1594 256 1764 257 1772 1773 1774 262 1780 263 
197 1407 198 1416 1417 1418 203 1423 204 1572 1573 1574 1583 1584 1585 1594 1595 1596 257 1765 258 1774 1775 1776 263 1781 264 
199 1419 200 1424 1425 1426 205 1435 206 1586 1587 1588 1597 1598 1599 1608 1609 1610 259 1777 260 1782 1783 1784 265 1793 266 
200 1420 201 1426 1427 1428 206 1436 207 1588 1589 1590 1599 1600 1601 1610 1611 1612 260 1778 261 1784 1785 1786 266 1794 267 
201 1421 202 1428 1429 1430 207 1437 208 1590 1591 1592 1601 1602 1603 1612 1613 1614 261 1779 262 1786 1787 1788 267 1795 268 
202 1422 203 1430 1431 1432 208 1438 209 1592 1593 1594 1603 1604 1605 1614 1615 1616 262 1780 263 1788 1789 1790 268 1796 269 
203 1423 204 1432 1433 1434 209 1439 210 1594 1595 1596 1605 1606 1607 1616 1617 1618 263 1781 264 1790 1791 1792 269 1797 270 
205 1435 206 1440 1441 1442 211 1451 212 1608 1609 1610 1619 1620 1621 1630 1631 1632 265 1793 266 1798 1799 1800 271 1809 272 
206 1436 207 1442 1443 1444 212 1452 213 1610 1611 1612 1621 1622 1623 1632 1633 1634 266 1794 267 1800 1801 1802 272 1810 273 
207 1437 208 1444 1445 1446 213 1453 214 1612 1613 1614 1623 1624 1625 1634 1635 1636 267 1795 268 1802 1803 1804 273 1811 274 
208 1438 209 1446 1447 1448 214 1454 215 1614 1615 1616 1625 1626 1627 1636 1637 1638 268 1796 269 1804 1805 1806 274 1812 275 
209 1439 210 1448 1449 1450 215 1455 216 1616 1617 1618 1627 1628 1629 1638 1639 1640 269 1797 270 1806 1807 1808 275 1813 276 
211 1451 212 1456 1457 1458 217 1467 218 1630 1631 1632 1641 1642 1643 1652 1653 1654 271 1809 272 1814 1815 1816 277 1825 278 
212 1452 213 1458 1459 1460 218 1468 219 1632 1633 1634 1643 1644 1645 1654 1655 1656 272 1810 273 1816 1817 1818 278 1826 279 
213 1453 214 1460 1461 1462 219 1469 220 1634 1635 1636 1645 1646 1647 1656 1657 1658 273 1811 274 1818 1819 1820 279 1827 280 
214 1454 215 1462 1463 1464 220 1470 221 1636 1637 1638 1647 1648 1649 1658 1659 1660 274 1812 275 1820 1821 1822 280 1828 281 
215 1455 216 1464 1465 1466 221 1471 222 1638 1639 1640 1649 1650 1651 1660 1661 1662 275 1813 276 1822 1823 1824 281 1829 282 
217 1467 218 1472 1473 1474 223 1483 224 1652 1653 1654 1663 1664 1665 1674 1675 1676 277 1825 278 1830 1831 1832 283 1841 284 
218 1468 219 1474 1475 1476 224 1484 225 1654 1655 1656 1665 1666 1667 1676 1677 1678 278 1826 279 1832 1833 1834 284 1842 285 
219 1469 220 1476 1477 1478 225 1485 226 1656 1657 1658 1667 1668 1669 1678 1679 1680 279 1827 280 1834 1835 1836 285 1843 286 
220 1470 221 1478 1479 1480 226 1486 227 1658 1659 1660 1669 1670 1671 1680 1681 1682 280 1828 281 1836 1837 1838 286 1844 287 
221 1471 222 1480 1481 1482 227 1487 228 1660 1661 1662 1671 1672 1673 1682 1683 1684 281 1829 282 1838 1839 1840 287 1845 288 
223 1483 224 1488 1489 1490 229 1499 230 1674 1675 1676 1685 1686 1687 1696 1697 1698 283 1841 284 1846 1847 1848 289 1857 290 
224 1484 225 1490 1491 1492 230 1500 231 1676 1677 1678 1687 1688 1689 1698 1699 1700 284 1842 285 1848 1849 1850 290 1858 291 
225 1485 226 1492 1493 1494 231 1501 232 1678 1679 1680 1689 1690 1691 1700 1701 1702 285 1843 286 1850 1851 1852 291 1859 292 
226 1486 227 1494 1495 1496 232 1502 233 1680 1681 1682 1691 1692 1693 1702 1703 1704 286 1844 287 1852 1853 1854 292 1860 293 
227 1487 228 1496 1497 1498 233 1503 234 1682 1683 1684 1693 1694 1695 1704 1705 1706 287 1845 288 1854 1855 1856 293 1861 294 
229 1499 230 1504 1505 1506 235 1515 236 1696 1697 1698 1707 1708 1709 1718 1719 1720 289 1857 290 1862 1863 1864 295 1873 296 
230 1500 231 1506 1507 1508 236 1516 237 1698 1699 1700 1709 1710 1711 1720 1721 1722 290 1858 291 1864 1865 1866 296 1874 297 
231 1501 232 1508 1509 1510 237 1517 238 1700 1701 1702 1711 1712 1713 1722 1723 1724 291 1859 292 1866 1867 1868 297 1875 298 
232 1502 233 1510 1511 1512 238 1518 239 1702 1703 1704 1713 1714 1715 1724 1725 1726 292 1860 293 1868 1869 1870 298 1876 299 
233 1503 234 1512 1513 1514 239 1519 240 1704 1705 1706 1715 1716 1717 1726 1727 1728 293 1861 294 1870 1871 1872 299 1877 300 
