1877
1
301
2
302
3
303
4
304
5
305
6
306
307
308
309
310
311
312
313
314
315
316
7
317
8
318
9
319
10
320
11
321
12
322
323
324
325
326
327
328
329
330
331
332
13
333
14
334
15
335
16
336
17
337
18
338
339
340
341
342
343
344
345
346
347
348
19
349
20
350
21
351
22
352
23
353
24
354
355
356
357
358
359
360
361
362
363
364
25
365
26
366
27
367
28
368
29
369
30
370
371
372
373
374
375
376
377
378
379
31
380
32
381
33
382
34
383
35
384
36
385
386
387
388
389
390
391
392
393
394
395
37
396
38
397
39
398
40
399
41
400
42
401
402
403
404
405
406
407
408
409
410
411
43
412
44
413
45
414
46
415
47
416
48
417
418
419
420
421
422
423
424
425
426
427
49
428
50
429
51
430
52
431
53
432
54
433
434
435
436
437
438
439
440
441
442
443
55
444
56
445
57
446
58
447
59
448
60
449
450
451
452
453
454
455
456
457
458
459
460
461
462
463
464
465
466
467
468
469
470
471
472
473
474
475
476
477
478
479
480
481
482
483
484
485
486
487
488
489
490
491
492
493
494
495
496
497
498
499
500
501
502
503
504
505
506
507
508
509
510
511
512
513
514
515
516
517
518
519
520
521
522
523
524
525
526
527
528
529
530
531
532
533
534
535
536
537
538
539
540
541
542
543
544
545
546
547
548
549
550
551
552
553
554
555
556
557
558
559
560
561
562
563
564
565
566
567
568
569
570
571
572
573
574
575
576
577
578
579
580
581
582
583
584
585
586
587
588
589
590
591
592
593
594
595
596
597
598
599
600
601
602
603
604
605
606
607
608
609
610
611
612
613
614
615
616
617
618
619
620
621
622
623
624
625
626
627
628
629
630
631
632
633
634
635
636
637
638
639
640
641
642
643
644
645
646
647
648
649
650
651
652
653
654
655
656
61
657
62
658
63
659
64
660
65
661
66
662
663
664
665
666
667
668
669
670
671
672
67
673
68
674
69
675
70
676
71
677
72
678
679
680
681
682
683
684
685
686
687
688
73
689
74
690
75
691
76
692
77
693
78
694
695
696
697
698
699
700
701
702
703
704
79
705
80
706
81
707
82
708
83
709
84
710
711
712
713
714
715
716
717
718
719
720
85
721
86
722
87
723
88
724
89
725
90
726
727
728
729
730
731
732
733
734
735
91
736
92
737
93
738
94
739
95
740
96
741
742
743
744
745
746
747
748
749
750
751
97
752
98
753
99
754
100
755
101
756
102
757
758
759
760
761
762
763
764
765
766
767
103
768
104
769
105
770
106
771
107
772
108
773
774
775
776
777
778
779
780
781
782
783
109
784
110
785
111
786
112
787
113
788
114
789
790
791
792
793
794
795
796
797
798
799
115
800
116
801
117
802
118
803
119
804
120
805
806
807
808
809
810
811
812
813
814
815
816
817
818
819
820
821
822
823
824
825
826
827
828
829
830
831
832
833
834
835
836
837
838
839
840
841
842
843
844
845
846
847
848
849
850
851
852
853
854
855
856
857
858
859
860
861
862
863
864
865
866
867
868
869
870
871
872
873
874
875
876
877
878
879
880
881
882
883
884
885
886
887
888
889
890
891
892
893
894
895
896
897
898
899
900
901
902
903
904
905
906
907
908
909
910
911
912
913
914
915
916
917
918
919
920
921
922
923
924
925
926
927
928
929
930
931
932
933
934
935
936
937
938
939
940
941
942
943
944
945
946
947
948
949
950
951
952
953
954
955
956
957
958
959
960
961
962
963
964
965
966
967
968
969
970
971
972
973
974
975
976
977
978
979
980
981
982
983
984
985
986
987
988
989
990
991
992
993
994
995
996
997
998
999
1000
1001
1002
1003
1004
1005
1006
1007
1008
1009
1010
1011
1012
121
1013
122
1014
123
1015
124
1016
125
1017
126
1018
1019
1020
1021
1022
1023
1024
1025
1026
1027
1028
127
1029
128
1030
129
1031
130
1032
131
1033
132
1034
1035
1036
1037
1038
1039
1040
1041
1042
1043
1044
133
1045
134
1046
135
1047
136
1048
137
1049
138
1050
1051
1052
1053
1054
1055
1056
1057
1058
1059
1060
139
1061
140
1062
141
1063
142
1064
143
1065
144
1066
1067
1068
1069
1070
1071
1072
1073
1074
1075
1076
145
1077
146
1078
147
1079
148
1080
149
1081
150
1082
1083
1084
1085
1086
1087
1088
1089
1090
1091
1092
151
1093
152
1094
153
1095
154
1096
155
1097
156
1098
1099
1100
1101
1102
1103
1104
1105
1106
1107
1108
157
1109
158
1110
159
1111
160
1112
161
1113
162
1114
1115
1116
1117
1118
1119
1120
1121
1122
1123
1124
163
1125
164
1126
165
1127
166
1128
167
1129
168
1130
1131
1132
1133
1134
1135
1136
1137
1138
1139
1140
169
1141
170
1142
171
1143
172
1144
173
1145
174
1146
1147
1148
1149
1150
1151
1152
1153
1154
1155
1156
175
1157
176
1158
177
1159
178
1160
179
1161
180
1162
1163
1164
1165
1166
1167
1168
1169
1170
1171
1172
1173
1174
1175
1176
1177
1178
1179
1180
1181
1182
1183
1184
1185
1186
1187
1188
1189
1190
1191
1192
1193
1194
1195
1196
1197
1198
1199
1200
1201
1202
1203
1204
1205
1206
1207
1208
1209
1210
1211
1212
1213
1214
1215
1216
1217
1218
1219
1220
1221
1222
1223
1224
1225
1226
1227
1228
1229
1230
1231
1232
1233
1234
1235
1236
1237
1238
1239
1240
1241
1242
1243
1244
1245
1246
1247
1248
1249
1250
1251
1252
1253
1254
1255
1256
1257
1258
1259
1260
1261
1262
1263
1264
1265
1266
1267
1268
1269
1270
1271
1272
1273
1274
1275
1276
1277
1278
1279
1280
1281
1282
1283
1284
1285
1286
1287
1288
1289
1290
1291
1292
1293
1294
1295
1296
1297
1298
1299
1300
1301
1302
1303
1304
1305
1306
1307
1308
1309
1310
1311
1312
1313
1314
1315
1316
1317
1318
1319
1320
1321
1322
1323
1324
1325
1326
1327
1328
1329
1330
1331
1332
1333
1334
1335
1336
1337
1338
1339
1340
1341
1342
1343
1344
1345
1346
1347
1348
1349
1350
1351
1352
1353
1354
1355
1356
1357
1358
1359
1360
1361
1362
1363
1364
1365
1366
1367
1368
1369
1370
181
1371
182
1372
183
1373
184
1374
185
1375
186
1376
1377
1378
1379
1380
1381
1382
1383
1384
1385
1386
187
1387
188
1388
189
1389
190
1390
191
1391
192
1392
1393
1394
1395
1396
1397
1398
1399
1400
1401
1402
193
1403
194
1404
195
1405
196
1406
197
1407
198
1408
1409
1410
1411
1412
1413
1414
1415
1416
1417
1418
199
1419
200
1420
201
1421
202
1422
203
1423
204
1424
1425
1426
1427
1428
1429
1430
1431
1432
1433
1434
205
1435
206
1436
207
1437
208
1438
209
1439
210
1440
1441
1442
1443
1444
1445
1446
1447
1448
1449
1450
211
1451
212
1452
213
1453
214
1454
215
1455
216
1456
1457
1458
1459
1460
1461
1462
1463
1464
1465
1466
217
1467
218
1468
219
1469
220
1470
221
1471
222
1472
1473
1474
1475
1476
1477
1478
1479
1480
1481
1482
223
1483
224
1484
225
1485
226
1486
227
1487
228
1488
1489
1490
1491
1492
1493
1494
1495
1496
1497
1498
229
1499
230
1500
231
1501
232
1502
233
1503
234
1504
1505
1506
1507
1508
1509
1510
1511
1512
1513
1514
235
1515
236
1516
237
1517
238
1518
239
1519
240
1520
1521
1522
1523
1524
1525
1526
1527
1528
1529
1530
1531
1532
1533
1534
1535
1536
1537
1538
1539
1540
1541
1542
1543
1544
1545
1546
1547
1548
1549
1550
1551
1552
1553
1554
1555
1556
1557
1558
1559
1560
1561
1562
1563
1564
1565
1566
1567
1568
1569
1570
1571
1572
1573
1574
1575
1576
1577
1578
1579
1580
1581
1582
1583
1584
1585
1586
1587
1588
1589
1590
1591
1592
1593
1594
1595
1596
1597
1598
1599
1600
1601
1602
1603
1604
1605
1606
1607
1608
1609
1610
1611
1612
1613
1614
1615
1616
1617
1618
1619
1620
1621
1622
1623
1624
1625
1626
1627
1628
1629
1630
1631
1632
1633
1634
1635
1636
1637
1638
1639
1640
1641
1642
1643
1644
1645
1646
1647
1648
1649
1650
1651
1652
1653
1654
1655
1656
1657
1658
1659
1660
1661
1662
1663
1664
1665
1666
1667
1668
1669
1670
1671
1672
1673
1674
1675
1676
1677
1678
1679
1680
1681
1682
1683
1684
1685
1686
1687
1688
1689
1690
1691
1692
1693
1694
1695
1696
1697
1698
1699
1700
1701
1702
1703
1704
1705
1706
1707
1708
1709
1710
1711
1712
1713
1714
1715
1716
1717
1718
1719
1720
1721
1722
1723
1724
1725
1726
1727
1728
241
1729
242
1730
243
1731
244
1732
245
1733
246
1734
1735
1736
1737
1738
1739
1740
1741
1742
1743
1744
247
1745
248
1746
249
1747
250
1748
251
1749
252
1750
1751
1752
1753
1754
1755
1756
1757
1758
1759
1760
253
1761
254
1762
255
1763
256
1764
257
1765
258
1766
1767
1768
1769
1770
1771
1772
1773
1774
1775
1776
259
1777
260
1778
261
1779
262
1780
263
1781
264
1782
1783
1784
1785
1786
1787
1788
1789
1790
1791
1792
265
1793
266
1794
267
1795
268
1796
269
1797
270
1798
1799
1800
1801
1802
1803
1804
1805
1806
1807
1808
271
1809
272
1810
273
1811
274
1812
275
1813
276
1814
1815
1816
1817
1818
1819
1820
1821
1822
1823
1824
277
1825
278
1826
279
1827
280
1828
281
1829
282
1830
1831
1832
1833
1834
1835
1836
1837
1838
1839
1840
283
1841
284
1842
285
1843
286
1844
287
1845
288
1846
1847
1848
1849
1850
1851
1852
1853
1854
1855
1856
289
1857
290
1858
291
1859
292
1860
293
1861
294
1862
1863
1864
1865
1866
1867
1868
1869
1870
1871
1872
295
1873
296
1874
297
1875
298
1876
299
1877
300
