01	4	4	1	2	1	0.7	1.7321	-3.4641	1	0.78	16.6	10.94	4.49	4.66	4.66	2.98
02	4	4	1	1	1	0.7	1.7321	-3.4641	1	0.78	16.6	10.94	4.49	4.66	4.66	2.98
03	4	4	1	3	1	0.7	1.7321	-3.4641	1	0.78	16.6	10.94	4.49	4.66	4.66	2.98
04	4	4	1	2	0.5	0.7	1.7321	-3.4641	1	0.78	16.6	10.94	4.49	4.66	4.66	2.98
05	4	4	1	2	1.5	0.7	1.7321	-3.4641	1	0.78	16.6	10.94	4.49	4.66	4.66	2.98
06	4	4	1	2	1	0.35	1.7321	-3.4641	1	0.78	16.6	10.94	4.49	4.66	4.66	2.98
07	4	4	1	2	1	1.05	1.7321	-3.4641	1	0.78	16.6	10.94	4.49	4.66	4.66	2.98
08	4	4	1	2	1	0.7	0.86603	-3.4641	1	0.78	16.6	10.94	4.49	4.66	4.66	2.98
09	4	4	1	2	1	0.7	2.5981	-3.4641	1	0.78	16.6	10.94	4.49	4.66	4.66	2.98
10	4	4	1	2	1	0.7	1.7321	-1.7321	1	0.78	16.6	10.94	4.49	4.66	4.66	2.98
11	4	4	1	2	1	0.7	1.7321	-5.1962	1	0.78	16.6	10.94	4.49	4.66	4.66	2.98
12	4	4	1	2	1	0.7	1.7321	-3.4641	0.5	0.78	16.6	10.94	4.49	4.66	4.66	2.98
13	4	4	1	2	1	0.7	1.7321	-3.4641	1.5	0.78	16.6	10.94	4.49	4.66	4.66	2.98
14	4	4	1	2	1	0.7	1.7321	-3.4641	1	0.39	16.6	10.94	4.49	4.66	4.66	2.98
15	4	4	1	2	1	0.7	1.7321	-3.4641	1	1.17	16.6	10.94	4.49	4.66	4.66	2.98
16	4	4	1	2	1	0.7	1.7321	-3.4641	1	0.78	8.3	10.94	4.49	4.66	4.66	2.98
17	4	4	1	2	1	0.7	1.7321	-3.4641	1	0.78	24.9	10.94	4.49	4.66	4.66	2.98
18	4	4	1	2	1	0.7	1.7321	-3.4641	1	0.78	16.6	5.47	4.49	4.66	4.66	2.98
19	4	4	1	2	1	0.7	1.7321	-3.4641	1	0.78	16.6	16.41	4.49	4.66	4.66	2.98
20	4	4	1	2	1	0.7	1.7321	-3.4641	1	0.78	16.6	10.94	2.245	4.66	4.66	2.98
21	4	4	1	2	1	0.7	1.7321	-3.4641	1	0.78	16.6	10.94	6.735	4.66	4.66	2.98
22	4	4	1	2	1	0.7	1.7321	-3.4641	1	0.78	16.6	10.94	4.49	2.33	4.66	2.98
23	4	4	1	2	1	0.7	1.7321	-3.4641	1	0.78	16.6	10.94	4.49	6.99	4.66	2.98
24	4	4	1	2	1	0.7	1.7321	-3.4641	1	0.78	16.6	10.94	4.49	4.66	2.33	2.98
25	4	4	1	2	1	0.7	1.7321	-3.4641	1	0.78	16.6	10.94	4.49	4.66	6.99	2.98
26	4	4	1	2	1	0.7	1.7321	-3.4641	1	0.78	16.6	10.94	4.49	4.66	4.66	1.49
27	4	4	1	2	1	0.7	1.7321	-3.4641	1	0.78	16.6	10.94	4.49	4.66	4.66	4.47
