167
1
51
2
52
3
53
4
54
5
6
55
7
56
8
57
9
58
10
59
60
61
62
63
64
65
66
67
68
69
70
71
72
73
74
75
76
11
77
12
78
13
79
14
80
15
16
81
17
82
18
83
19
84
20
85
86
87
88
89
90
91
92
93
94
95
96
97
98
99
100
101
102
21
103
22
104
23
105
24
106
25
107
26
108
27
109
28
110
29
111
30
112
113
114
115
116
117
118
119
120
121
122
123
124
125
126
127
128
129
130
31
131
32
132
33
133
34
134
35
135
36
136
37
137
38
138
39
139
40
140
141
142
143
144
145
146
147
148
149
150
151
152
153
154
155
156
157
158
41
159
42
160
43
161
44
162
45
163
46
164
47
165
48
166
49
167
50
