34
1 51 2 59 60 61 11 77 12
2 52 3 61 62 63 12 78 13
3 53 4 63 64 65 13 79 14
4 54 5 65 66 67 14 80 15
6 55 7 68 69 70 16 81 17
7 56 8 70 71 72 17 82 18
8 57 9 72 73 74 18 83 19
9 58 10 74 75 76 19 84 20
11 77 12 85 86 87 21 103 22
12 78 13 87 88 89 22 104 23
13 79 14 89 90 91 23 105 24
14 80 15 91 92 93 24 106 25
16 81 17 94 95 96 26 108 27
17 82 18 96 97 98 27 109 28
18 83 19 98 99 100 28 110 29
19 84 20 100 101 102 29 111 30
21 103 22 112 113 114 31 131 32
22 104 23 114 115 116 32 132 33
23 105 24 116 117 118 33 133 34
24 106 25 118 119 120 34 134 35
25 107 26 120 121 122 35 135 36
26 108 27 122 123 124 36 136 37
27 109 28 124 125 126 37 137 38
28 110 29 126 127 128 38 138 39
29 111 30 128 129 130 39 139 40
31 131 32 140 141 142 41 159 42
32 132 33 142 143 144 42 160 43
33 133 34 144 145 146 43 161 44
34 134 35 146 147 148 44 162 45
35 135 36 148 149 150 45 163 46
36 136 37 150 151 152 46 164 47
37 137 38 152 153 154 47 165 48
38 138 39 154 155 156 48 166 49
39 139 40 156 157 158 49 167 50
